Lg,Tox,Dop_LDD,Dop_psub,Cit,mumax,index
0.07340789725705779, 0.0005688179555429186, 8.069564365666037e+18, 1.2161633054376036e+18, 11442408955.540758, 629.433008319605, 1020
0.05167557469016329, 0.0007155541085641479, 8.460789069768552e+18, 6.497610510534562e+18, 94653133930.57193, 466.3864972580016, 171
0.08629626490755851, 0.0006294103935146585, 9.220739363600524e+18, 2.453757389584137e+18, 83863393359.19643, 680.3372136730223, 948
0.09616691703702979, 0.000985243493272288, 5.803991979780797e+18, 3.648103895093985e+18, 63507569703.47692, 362.585265702484, 670
0.0836245110052734, 0.0006912264303552015, 4.783403364804008e+18, 4.5800750475719316e+18, 80569755749.17357, 301.33431896732475, 559
0.07893843293218569, 0.0009901735165569283, 3.841746385975923e+18, 6.321808233853575e+18, 70199343385.37318, 925.5568994322076, 10
0.06754789916765802, 0.0006037861428704007, 7.433177765311418e+18, 3.445096012857267e+18, 40154964321.38176, 100.39988459076626, 820
0.09469903027961418, 0.0009356594315167968, 7.928854304195092e+18, 2.789554573198324e+18, 50331600535.5611, 751.4579942444075, 396
0.06317443576718798, 0.0009073954924028671, 1.9301346892546248e+18, 7.488415901167885e+18, 94087408984.3625, 497.8132212865109, 548
0.08488104747155431, 0.0006595336457914696, 3.500676233226865e+18, 9.263303185810768e+18, 19352287860.00348, 543.4800870694199, 258
0.06262938221236411, 0.0005474280663040638, 1.47179917035432e+18, 9.78586490092723e+18, 55684311175.14693, 512.5324695124339, 612
0.058464416129807635, 0.0008779168169330621, 8.064536784146143e+18, 9.61051309480322e+18, 85581610674.83104, 221.45998750608987, 624
0.07974008443028718, 0.000731513998213776, 5.061845664238262e+18, 5.276636222073e+18, 84701489685.8119, 464.2624718977789, 552
0.0678758797269021, 0.0008877557898499763, 9.562111266311705e+18, 8.600055877206679e+18, 1220313480.016876, 612.6589663510877, 576
0.06270876719325945, 0.0006777885671421613, 3.3457520563817196e+18, 2.1041255477915494e+18, 76943102363.03317, 655.1752122361203, 390
0.05837985177625922, 0.0006309323807021376, 1.4205566712120468e+18, 5.286916231502274e+18, 85227956657.02849, 291.11196134652306, 710
0.07586821782249992, 0.0008493644415615687, 2.7196420046186813e+18, 5.943634628749076e+18, 96826523157.45064, 744.8156242024622, 212
0.058576988734177944, 0.0006362271781056855, 6.07325312246776e+18, 8.767307357418074e+18, 37671803163.247025, 342.97276474338923, 702
0.06169167278852757, 0.0006707243579490302, 2.014864743601785e+18, 8.551268633974359e+18, 12833862197.74037, 794.4508354153703, 404
0.07762575002574158, 0.0005328811771240472, 4.88182191517687e+18, 1.019201715032398e+18, 35204537868.44532, 779.0290735614193, 412
0.0711037942612974, 0.0009435071787603636, 6.158102789762714e+18, 8.232996606510297e+18, 74164064486.33919, 284.48731313062603, 218
0.05222220798077042, 0.0009282882733824335, 3.5235793044974515e+18, 5.638894633685897e+18, 45373078835.59566, 557.2407950549416, 55
0.05355669126344466, 0.000919635000665282, 5.384197540451577e+18, 9.686498593938776e+18, 35334816954.205536, 552.1350088087208, 780
0.08871515474779404, 0.0005407824436944939, 4.621548494004337e+18, 5.207496158644062e+18, 24212127686.01163, 895.7790358421826, 50
0.051489838158596944, 0.0009776516806183526, 2.851714079814475e+18, 8.612955540531405e+18, 13285251768.952282, 548.8746185771006, 872
0.05977950325283537, 0.0009865045386516086, 8.522887621100537e+18, 2.7097041774676076e+18, 77330820029.68913, 314.9521897267716, 1005
0.09136546548052511, 0.0008578504378251881, 2.614725388309038e+18, 6.039535770632326e+18, 21651832728.860306, 822.250662265968, 392
0.06675608946557636, 0.0007731759257632883, 4.849268402112666e+18, 8.034792919281947e+18, 40297882544.35862, 510.82967487649637, 720
0.051747576210957436, 0.0009489679361535616, 7.104781740670433e+18, 9.145933960151393e+18, 28863141219.384438, 136.34027902314645, 420
0.07638771823468327, 0.0007754534986770972, 1.8766094676566574e+18, 5.711886382474912e+18, 26272168844.84664, 286.73650359584934, 830
0.08207958631253089, 0.0009245604812884538, 6.02807591377052e+18, 9.182780084137667e+18, 42517627916.829056, 554.9694123081406, 27
0.08810607172139343, 0.000867550619668997, 8.927709079919561e+18, 7.072706230233506e+18, 5533873793.012296, 484.619159656023, 811
0.07647677446915217, 0.000980541464354511, 8.469531374699459e+18, 8.581863129516094e+18, 88016437507.7058, 966.0222605339831, 309
0.07103586371555, 0.0006022156828996082, 8.570632889652237e+18, 8.395192872669783e+18, 61962725424.300125, 398.8320668020828, 304
0.09830442242956085, 0.0006325435536748922, 2.834814939225256e+18, 1.7292461879978762e+18, 10429376632.897385, 955.7156561454071, 407
0.06792332564516915, 0.0007474459644021664, 3.2385549028952535e+18, 1.618304241240798e+18, 85153859127.47202, 167.32346931663483, 344
0.07722336578429989, 0.0009875781505145169, 2.7796698222457436e+18, 5.10624174145605e+18, 23892242377.247246, 248.5164089206052, 78
0.059939114188656085, 0.0008781763108488323, 3.0029788814779535e+18, 9.044202901436694e+18, 67047238755.40256, 625.8066789085055, 436
0.07057297879427887, 0.0007442188816387766, 4.949981743943705e+18, 2.9407192441461586e+18, 42139871056.34262, 129.45451157096787, 42
0.05770236161054057, 0.0005171442180755013, 5.57858818269509e+18, 5.011794557662292e+18, 63614875652.53252, 448.21504268571994, 999
0.055462850072692096, 0.0009739031226316984, 1.4958608581273252e+18, 6.927988880822994e+18, 36627348986.38953, 573.6628754188081, 127
0.05414677862451754, 0.000905239087578165, 4.212978465945255e+18, 1.276892350979305e+18, 20125394994.457714, 280.48676362033655, 579
0.08909416465959027, 0.0005576183688034886, 9.478210050628033e+18, 4.4052138281913467e+18, 60453584387.15463, 605.1157985235106, 350
0.08764914600703543, 0.0007752478158298617, 1.0117128987634008e+18, 5.9297007593678e+18, 14372312987.334911, 906.8133492944618, 40
0.06516399189107344, 0.0008329478490258157, 7.041963009353833e+18, 8.603170491880765e+18, 7323661812.843252, 812.2687492784372, 342
0.07436960005691876, 0.0008496281779281807, 3.3986996866374185e+18, 2.991836637918848e+18, 49959338458.79829, 369.47238121168454, 597
0.055651820093865205, 0.0006449335421917372, 5.972861574239263e+18, 7.576344044655214e+18, 62089560375.97405, 714.9919138331758, 923
0.09268431220271374, 0.0008310937041427367, 3.663846571232096e+18, 6.410351040778518e+18, 51052132343.22605, 807.4107755545037, 916
0.0692627173580699, 0.0007117601608045744, 7.850608984571428e+18, 2.2601488487044618e+18, 81182156117.69724, 351.7025824463444, 365
0.09589235968986853, 0.0008207203624489575, 6.145404680948696e+18, 1.6506311704446776e+18, 12748245149.936766, 614.5023923353307, 716
0.08974342886705143, 0.0009021521578885111, 7.718980627069086e+18, 8.461538677693416e+18, 19705601858.70384, 367.6844331820174, 109
0.08698904037814562, 0.0009570311212251986, 7.552995934387983e+18, 8.142409987647892e+18, 18441807948.45627, 153.87323392804055, 868
0.05640189023141823, 0.0009955844035050218, 3.121745631706548e+18, 6.352189191293616e+18, 34866513635.03517, 873.3066166284066, 399
0.09954863625662962, 0.0007404916070435638, 4.609796419252721e+18, 2.4802405970080476e+18, 81829939270.5957, 899.6380383002463, 594
0.08874677169287878, 0.0008833601990186104, 2.419590992941314e+18, 9.662300440633238e+18, 78250647584.92029, 669.4521180527884, 88
0.07353412114827428, 0.0007225385995366293, 7.414015287062696e+18, 8.854012765320424e+18, 53876959906.79298, 743.0557434926478, 48
0.05884165171553303, 0.0008691361884907896, 3.5334802735228155e+18, 5.963680328972858e+18, 25695503077.91552, 764.4999613393528, 694
0.07592189761856587, 0.0009985200596707225, 6.197449299585505e+18, 4.528724893841155e+18, 40590740530.20985, 958.7780463880456, 977
0.06854737583542929, 0.0006303790741289644, 9.84692967821357e+18, 3.1143153312674355e+18, 71871610231.05928, 857.4945134388703, 80
0.08217189561811966, 0.0007716769134965815, 9.665954203312804e+18, 7.756815265705933e+18, 69662935530.45435, 222.68697628147834, 787
0.08384930019669765, 0.0007329936221206169, 8.663656954972207e+18, 2.593610907100935e+18, 66374251050.900505, 594.7747510806485, 781
0.09696200791234244, 0.0009705069292146563, 5.99780814887486e+18, 2.5588487556970025e+18, 53370998153.53114, 561.8229202585525, 693
0.07706513021508238, 0.0005975294178690369, 5.022846458402904e+18, 9.250400178660704e+18, 91084389565.99773, 577.3320703796044, 668
0.0588018832752378, 0.0009796704397466726, 7.841081411774486e+18, 6.955416820999453e+18, 31379421852.151764, 345.6979253455074, 39
0.07777357001208257, 0.0007337513411269492, 9.613945589530956e+18, 5.586059826488603e+18, 45999107593.251945, 228.7164992913618, 177
0.07495745865068118, 0.0008722996865360019, 9.13887924593143e+18, 5.541815879916278e+18, 96297446782.79716, 163.36948845680797, 205
0.07949331687199039, 0.0009120660195791067, 1.5447984476803144e+18, 3.9410196443572925e+18, 5937014336.274724, 307.45889995483935, 498
0.07276367143894183, 0.0006810160148951562, 8.128682157154372e+18, 8.495442132974122e+18, 59998498369.754425, 901.3254924994686, 123
0.08662126906896661, 0.0006793127106784728, 4.180724450221676e+18, 5.560393619065314e+18, 40157757363.90835, 598.6273260848518, 216
0.05069521409026691, 0.0009146414098690711, 3.2481179481886085e+18, 4.990682979248673e+18, 73572581586.6964, 392.95001417782913, 730
0.09325630058631182, 0.0009613284390482268, 9.036878031573199e+18, 1.582883040853831e+18, 30296350248.63978, 750.9145439731186, 378
0.09652653161909563, 0.0007587068820649277, 4.150131077185552e+18, 9.951614135558818e+18, 14444180224.89165, 500.75214533509944, 910
0.06917991884766349, 0.0009794080691426245, 6.984705176541501e+18, 6.984872689419051e+18, 54244934639.153656, 838.0272570966832, 567
0.05425272110860885, 0.0009846189510205735, 2.2557979007565658e+18, 8.81227398225954e+18, 93309986212.32988, 895.1094160039147, 362
0.05717213544295657, 0.0007211373889943138, 5.696558471193191e+18, 2.578563177221301e+18, 52634557759.307526, 562.5605505581034, 601
0.0950837448421554, 0.000821162837617064, 7.374730025592897e+18, 4.3645749053550024e+18, 46474229707.56709, 300.01840770074443, 141
0.09942018503815538, 0.0006827625300651549, 4.1620275332707466e+18, 4.476624731450118e+18, 51315646974.0338, 327.11530945162593, 551
0.08119980677525244, 0.000848302734090565, 6.651705185867898e+18, 8.345280826809611e+18, 58562895609.07333, 471.6180019506904, 454
0.059301970010286364, 0.0006220207621770149, 7.269059411428616e+18, 3.1557555514157025e+18, 35266333199.51141, 608.138918439193, 1013
0.05119373208843676, 0.000973381547945543, 1.310332924894769e+18, 1.4907277409306138e+18, 12918361054.21439, 387.4094490333029, 94
0.080452662105207, 0.000994134639709828, 1.8542253360965048e+18, 2.3734115119736996e+18, 54670864028.74065, 513.632154713618, 610
0.05264183574614154, 0.0008110150729035389, 4.636804940612694e+18, 8.024466657424934e+18, 76246637531.13759, 530.3112022825541, 248
0.07032798642902222, 0.0007279027627342452, 1.5285776501792563e+18, 3.021172395092498e+18, 74358237200.01237, 942.1084884106363, 83
0.0669254478640885, 0.0006529989237044642, 1.6080824534694927e+18, 1.3501165814818867e+18, 38846932137.24566, 588.8059557080762, 113
0.07455015449592386, 0.0009744071893172726, 7.787636613572315e+18, 8.202068759922364e+18, 43855790068.33537, 954.5579860064017, 770
0.0914958035013241, 0.0008418874948977006, 1.4505064163480904e+18, 4.756666590252964e+18, 62821221084.327065, 137.76163894470176, 788
0.07170632996454224, 0.0008524263693469805, 5.084775625394883e+18, 3.6563416407703204e+18, 78858083473.66673, 671.1516859608382, 696
0.08199685609537344, 0.0005194034541727388, 1.0674347587819361e+18, 4.823773672894055e+18, 83732338511.3626, 504.4589289543023, 414
0.06284148704887985, 0.0005880601949125822, 3.577705688247622e+18, 8.429234885785267e+18, 80542948359.309, 753.6347508298259, 447
0.07679844930073527, 0.0007134961250280903, 8.65295061392723e+18, 7.165936328142013e+18, 96645680105.43155, 759.0680971409273, 203
0.06947219413302397, 0.0005416040753925977, 3.592990461889115e+18, 7.060193225473883e+18, 30849130804.56389, 840.2095057410448, 265
0.06922867340666522, 0.0007780358353911884, 6.672595200103489e+18, 9.914719587218252e+18, 52000162284.37728, 627.0482919334721, 736
0.09485241349431753, 0.0007901094179831108, 4.098686728056503e+18, 5.074536999014895e+18, 93511859638.96088, 540.9119111774337, 1007
0.06093940470189923, 0.0008642172088250898, 6.451577472551745e+18, 1.5762442242833897e+18, 67722129344.70726, 104.7563187032212, 1022
0.07948821812712023, 0.0007103166819125628, 7.671036877895493e+18, 9.581948128235719e+18, 74430612450.52046, 855.558355979839, 646
0.08624062572540847, 0.0008717227854483717, 2.861270679285373e+18, 4.1890596470415647e+18, 20285206311.200787, 761.0145968811084, 662
0.0621425568734495, 0.0007131867028435175, 1.802491700667866e+18, 1.9980941260565228e+18, 97522172166.05493, 435.61797732128616, 962
0.0865138346441375, 0.0009819104373990529, 8.836154258000511e+18, 8.129689823120543e+18, 81264615979.25142, 421.82812900911324, 285
0.06939289395274828, 0.0005547725717572874, 1.4470973862889e+18, 5.125953307774817e+18, 10676201011.44503, 964.8660322143832, 672
0.08619652987793916, 0.000865725716567859, 9.92571858899184e+18, 1.9489217107230254e+18, 90857234934.87784, 461.4360192090094, 847
0.07249593250260414, 0.0007532627869888682, 7.752571553941073e+18, 7.345419556664446e+18, 8271385594.459031, 478.26289394771214, 490
0.08464592744515169, 0.0008065211726002374, 3.1121514757162035e+18, 5.786295190318545e+18, 32656387929.147327, 195.0911659034668, 317
0.07741344206214006, 0.0006032430098695148, 1.940357904673861e+18, 8.059435668495572e+18, 31192981046.145073, 118.9916938492022, 758
0.08521398270939651, 0.0005110064041301921, 3.4240658726503347e+18, 4.5008314319531177e+18, 4501342538.693789, 728.3829102784796, 90
0.08950452051551179, 0.0005485266231467358, 7.945732042091339e+18, 7.806365882931657e+18, 51619359364.084015, 830.6827331621911, 207
0.09069154286480578, 0.0005738735086371165, 1.5616643065939784e+18, 1.4720331897532375e+18, 34126772567.471584, 565.6414987601019, 691
0.07698663587093689, 0.0008156407158940182, 8.004790803276896e+18, 1.823635725990403e+18, 99979623630.90758, 276.32675011793197, 590
0.07009792304423604, 0.0007698899242122575, 7.576191119349225e+18, 1.480235203245907e+18, 27299305606.17958, 287.351477006167, 596
0.0901373152002135, 0.0009258864323378193, 9.239837139542012e+18, 5.265041660578154e+18, 88666244887.95471, 538.4890943343535, 623
0.06258495703482812, 0.0006357015718939811, 8.342679609916913e+18, 7.505814094580235e+18, 37242324362.65239, 799.9799204238096, 817
0.07993640266213531, 0.0009139680175827987, 8.208191671629739e+18, 6.527091479639159e+18, 80804564258.1672, 439.7864962597965, 5
0.05141589909754891, 0.0006745102829249764, 8.396756715853831e+18, 9.051783335135845e+18, 55887844722.98283, 170.41659814829472, 353
0.07582505990860026, 0.0007259387814065791, 8.498041889968476e+18, 1.4050418946799022e+18, 12321770328.305485, 326.3020420805749, 217
0.09669387549454808, 0.0005704654242774108, 1.7440451413725215e+18, 4.870742899742251e+18, 43555459148.91893, 592.6849986262871, 692
0.06054579982294239, 0.0006683645873913169, 9.428896505664145e+18, 6.594148015215362e+18, 82923951249.21284, 869.8433071428192, 530
0.07768452489680253, 0.0007320520560469684, 8.893456453969521e+18, 8.247902187270887e+18, 48171569590.24405, 887.9249390309429, 312
0.05324968429590437, 0.0008289780112067651, 6.68492277375405e+18, 7.693575241940214e+18, 58782536490.80845, 471.7797051574381, 779
0.08114260015139972, 0.0009265627873871907, 4.5301772797939574e+18, 8.531930969117365e+18, 46328875022.911316, 607.1341017804763, 318
0.06973581898935616, 0.0008127033726311249, 7.393480078911902e+18, 9.843907414257576e+18, 53544111212.381454, 192.89996931887532, 974
0.06405840751931506, 0.0006076061638114082, 4.826589383455749e+18, 5.224153361677513e+18, 49129153544.608574, 344.96087196176205, 930
0.060145839860773764, 0.0006685546278116586, 9.757976227535553e+18, 6.067074746612614e+18, 89316433494.42194, 155.22375477973225, 441
0.09677085740994476, 0.0005495517117005229, 9.916608482015769e+18, 3.3496025885101537e+18, 37060411107.132195, 531.280217096103, 731
0.055810701716042306, 0.0006975669965771935, 3.3643536938941384e+18, 9.39184442975115e+18, 41838491749.71406, 481.9617965370179, 236
0.06036403472307229, 0.0007635032455262671, 2.625589028689839e+18, 4.839461521483067e+18, 98840820747.51451, 263.217353371427, 709
0.06951283092701371, 0.0008043813455693965, 4.725409563609853e+18, 1.2072690760392146e+18, 85483990917.4197, 590.7108694074293, 316
0.08671153442052637, 0.0006500094262772741, 2.841674932761918e+18, 7.963195562330521e+18, 73904740061.77892, 370.74175508524354, 402
0.06895154172709694, 0.0006715605966503147, 4.377772068213025e+18, 6.423069419592054e+18, 99638660502.58583, 416.23209106479857, 595
0.08139378500290526, 0.0009903953616460322, 6.489702975996017e+18, 7.501142316259572e+18, 81471542833.86238, 407.1066196469966, 491
0.07855456894838031, 0.0005582183336697317, 6.650802924242588e+18, 4.932381019265141e+18, 7764503319.222922, 400.4500569500915, 882
0.08603961830184377, 0.0005219893302357808, 6.518881458590617e+18, 4.62278048981156e+18, 36214436214.63892, 937.3029757500772, 797
0.09340266319225131, 0.0006762522008946765, 2.57354892365883e+18, 7.118455074395628e+18, 54387492141.97239, 820.8340228787557, 664
0.08019573651706602, 0.0005255178082709464, 1.5028782319366157e+18, 8.791615724200654e+18, 82247345632.1049, 312.1964576888323, 169
0.06117156745813307, 0.0009024546983489951, 4.110809692299805e+18, 6.625158306397842e+18, 16554740154.258322, 844.9067645246865, 125
0.07164187790152964, 0.0008355853605483224, 3.995108300183125e+18, 1.397644923858819e+18, 75711620770.0209, 465.43851204701076, 633
0.0727297889255224, 0.0006103655318812702, 6.94010839305144e+18, 3.409489105205764e+18, 25856440280.44095, 618.2999393170053, 679
0.08441121431934794, 0.000510291801062292, 8.385163668606552e+18, 9.232052402117112e+18, 65356278950.35152, 635.7013182925815, 243
0.07081590172903625, 0.0008055932252676998, 9.716702113651251e+18, 1.0699268671120988e+18, 29583436841.280243, 388.8538078261217, 785
0.09985543950923709, 0.0005391939608008292, 6.02261357728208e+18, 9.203279536889111e+18, 59690713965.44601, 374.08445585448646, 486
0.0707700000813893, 0.0006175200896215687, 2.8878408444462326e+18, 5.388977131896902e+18, 77482025483.75409, 247.4442771100878, 2
0.08999859260882079, 0.0005201275998355147, 7.707393654274508e+18, 3.5906216413447194e+18, 89852248862.13713, 185.3368285524476, 235
0.0937506009074406, 0.0007692596147485106, 6.784520609874664e+18, 7.926448921115834e+18, 58511357725.65255, 541.3298490896724, 938
0.07873109259249086, 0.0009033193757919407, 7.511287780034762e+18, 4.3817161819180974e+18, 78587692290.31546, 430.6874954548957, 557
0.07920780403391446, 0.000980421202021659, 3.9310421887103473e+18, 7.522031489266601e+18, 89066745944.78754, 146.1251264655985, 423
0.05786198189201253, 0.0008917521338034527, 6.916552462866421e+18, 1.7307251748992087e+18, 95053274992.9244, 406.7048316006005, 900
0.05302284594596574, 0.0008100372484076959, 7.703923904921802e+18, 9.061433439008701e+18, 82386396496.33307, 491.26834158638593, 742
0.08760355725605369, 0.0005523569282350947, 8.47128479979915e+18, 3.984417063318951e+18, 92248216270.36502, 296.1699897487057, 106
0.07388447358742578, 0.000985376999058566, 7.192085473215473e+18, 7.838968667142469e+18, 93983116356.18037, 237.8833430272701, 739
0.06443905312288015, 0.000717089238126842, 8.371959777012061e+18, 3.688794349698788e+18, 97795390679.09697, 820.3487859555631, 419
0.08105425695430453, 0.0008181710954965531, 3.9735621571357583e+18, 3.7441399980720087e+18, 8974881768.789373, 127.35086688700878, 641
0.05870732393399019, 0.00098779903929744, 8.206843631995648e+18, 7.703532975935084e+18, 15751002611.99593, 364.6672410255706, 636
0.06535861183355592, 0.0007870164629374604, 1.6252746399523348e+18, 8.000485224795349e+18, 25971533069.499832, 196.7854780516157, 879
0.09902084352693188, 0.0007960394352957776, 2.9633092882524846e+18, 5.551321795538275e+18, 3962048454.9937296, 214.46297457929523, 26
0.06088539615745611, 0.0008949995631179031, 9.76859460082483e+18, 3.923508843512573e+18, 25506799512.494305, 188.78480126331488, 287
0.0829182724516496, 0.0009555527291493825, 7.980671300724645e+18, 4.396920463149141e+18, 70431818652.36026, 482.3474118659389, 906
0.09764428897019886, 0.0005553514973941964, 6.003396049783797e+18, 6.060324918863499e+18, 8475906380.979373, 383.96707562509283, 381
0.07682191960000753, 0.0006889646583183918, 2.572900785790952e+18, 3.8813628124130437e+18, 64816551586.30345, 686.2640101411168, 319
0.06143607882600798, 0.0007702912377553783, 4.578065131621273e+18, 5.218293612554655e+18, 1584747265.723409, 730.5546055239105, 382
0.09724764086963923, 0.0006904173567066036, 1.3679813622192553e+18, 2.333783429198284e+18, 53050268780.36015, 673.7128289578934, 283
0.08077562936242358, 0.0006669199699040518, 6.578883961807276e+18, 8.366188200646852e+18, 24372939735.96189, 498.5724957539775, 421
0.06438731794320537, 0.0008893078528477182, 6.550694583759599e+18, 5.17014901367127e+18, 76512470169.98044, 711.1718896248935, 645
0.057383699258756624, 0.0009629251448599156, 4.776848333814252e+18, 5.363272659705068e+18, 95739425865.34879, 300.972994308097, 240
0.07394883619514594, 0.0005385928807546726, 3.6229397455583616e+18, 8.0518645983494e+18, 88717259730.65843, 210.750437096557, 440
0.0981817555582714, 0.0005919428923217667, 6.406813554062226e+18, 9.147832692227159e+18, 15546845892.969042, 382.0707443416309, 191
0.06473063405244334, 0.0008503666626067791, 4.5013444600081715e+18, 3.4018856329701545e+18, 16246474639.270409, 788.0705678641847, 802
0.0516325214014158, 0.0009660603774736265, 3.3150101884899205e+18, 8.108234275389727e+18, 23376362922.89021, 534.2876001058785, 541
0.07506018210958221, 0.0005184863509632979, 2.154168974311591e+18, 5.35269578329078e+18, 57697750543.97981, 900.2201430719617, 537
0.06385929333586415, 0.0006140120675315284, 8.447949807942749e+18, 5.684113457424938e+18, 92404295965.29358, 905.6034744890536, 514
0.07095191034451623, 0.0007456619653500517, 7.936392651368181e+18, 9.472371690841532e+18, 97055549361.56209, 825.2634587120413, 471
0.09581541124426118, 0.0009013205432945955, 6.237327006015326e+18, 9.421620395489317e+18, 74638846094.59192, 514.9343587017634, 385
0.056100255827337187, 0.0008240721786744265, 5.310507314144364e+18, 5.101404225468277e+18, 7028627454.541643, 409.5163574693789, 438
0.061418849576608855, 0.0007360631283052339, 8.33697154123832e+18, 6.240052832685108e+18, 34253116786.912556, 768.0350276395499, 255
0.06298201325246423, 0.0007477360800876211, 1.8937806797581527e+18, 3.540610737726134e+18, 54071248390.0561, 492.9110180949339, 281
0.0612343685411611, 0.0009923535344296811, 2.4768108009613783e+18, 2.488589323136863e+18, 64595393020.42074, 832.7916491074485, 970
0.0831763896294607, 0.0008455867013184061, 4.90314076948679e+18, 2.0794035578565827e+18, 48693183441.62224, 927.4842473122607, 299
0.09284503785501606, 0.0007371274360840656, 6.589202174211127e+18, 8.25924715744557e+18, 55079444078.647484, 297.6992217756934, 935
0.08946428551721937, 0.0008980374121439938, 2.2657613527765637e+18, 7.905463966744722e+18, 24176633819.714138, 848.4561586688095, 53
0.0678411567494657, 0.0009080856510209338, 5.876656590376312e+18, 1.298521675130365e+18, 56490657252.84462, 386.1574745154642, 230
0.08036502329470724, 0.0006998169991729074, 8.733868975814667e+18, 6.152834692588769e+18, 83093273290.27405, 963.7833611463253, 583
0.06133891046490688, 0.000667490518171335, 2.9189740748906844e+18, 3.8919223323193723e+18, 98374840333.34108, 876.7511031235791, 136
0.0773706063839972, 0.0005829703640497399, 7.828940012548803e+18, 6.535423587115527e+18, 65504011895.4616, 278.9096325979399, 844
0.06873723014519546, 0.0008389140170754163, 8.32110062121065e+18, 1.3598590412940815e+18, 63337447910.066284, 442.9205596600566, 683
0.07597991978326668, 0.0008138425212484098, 1.9692225641592684e+18, 8.741553051161378e+18, 3512763262.624088, 473.9211071975662, 588
0.0883412406445924, 0.0006331335171447529, 5.328229175568799e+18, 6.216527485433352e+18, 59070488046.848465, 571.3239158052058, 745
0.061319693004208954, 0.0006845110467637172, 6.399735314896451e+18, 7.034118528860134e+18, 5150482830.188428, 433.5967525698182, 616
0.059136125430234054, 0.0007296062894250079, 5.555813346306097e+18, 3.2568785045761546e+18, 46086998665.194756, 775.9286562496235, 821
0.06324595871777734, 0.0009275078754855141, 6.775106943111367e+18, 3.152755134313597e+18, 96923912009.33502, 360.3130008016609, 838
0.09636702036411418, 0.0005969445288221827, 5.88338194558848e+18, 2.8767122393889126e+18, 24610768320.92259, 324.0058200378785, 269
0.0839900503031927, 0.0006200767512627358, 2.668987713416687e+18, 2.0162863400359002e+18, 77106126895.91675, 384.89525317271364, 31
0.06453815372054597, 0.0007980034497623938, 2.1198223059554877e+18, 7.872489811922833e+18, 6428187082.527134, 117.78106841134438, 939
0.05311717821245947, 0.000711204125407222, 5.428943797726418e+18, 1.667584044501316e+18, 18332410308.243866, 212.49685170474393, 3
0.08533494048795472, 0.0005092440070489231, 2.468226751608879e+18, 3.5029780060938045e+18, 85687755379.75975, 915.9232596118509, 197
0.09403601978621395, 0.0005999455387391106, 1.7798186662567096e+18, 1.4470577618553206e+18, 44158787877.85237, 766.1125906805845, 836
0.08238463157643477, 0.0008831016034577863, 5.608909703428897e+18, 5.193035016501156e+18, 48356932297.09818, 771.681482277908, 200
0.09420158908468287, 0.0009514562352921693, 3.8532750962765204e+18, 8.289168644015213e+18, 70100346779.1749, 190.98312685923725, 439
0.07042020488101484, 0.0008588802506486659, 4.865908512768004e+18, 8.197032811733284e+18, 56137471554.946686, 507.0058423230369, 805
0.06757912507005139, 0.0009616119415260315, 3.955097640251506e+18, 2.2308643619709906e+18, 76750722751.35909, 759.4282941339955, 417
0.08029136969969466, 0.0007551595536181919, 1.589488926831413e+18, 4.693158265969723e+18, 91561300133.0142, 679.777875008581, 134
0.09866613731596137, 0.0006602996472257176, 8.586701242239361e+18, 2.3656371104575084e+18, 33339309926.80816, 799.3363936137997, 992
0.05842137553518523, 0.0009894890885763312, 1.1061966671218804e+18, 3.215058749785377e+18, 15357527200.931381, 371.76041129808135, 108
0.05487662762927643, 0.0005320681077238941, 6.224503991544548e+18, 3.344247134937046e+18, 77218629425.64986, 715.7994742154717, 799
0.05023879695865131, 0.0006394602076939337, 6.378627323735536e+18, 2.99704915260621e+18, 73148441774.00246, 103.73865025602504, 11
0.08991367636902933, 0.000657604217710903, 7.120250198864974e+18, 6.47504715560758e+18, 37100478723.38159, 666.3586082122443, 627
0.08180047385358086, 0.0007647317566287456, 2.1862071281468393e+18, 2.440825685692453e+18, 98257941375.33653, 929.7583645083479, 667
0.06664231887313012, 0.0007541370415245708, 3.7708674054931e+18, 4.6085430932672246e+18, 43152221131.852135, 801.6270900407925, 463
0.09222163868500616, 0.000530219896452608, 5.540384204538705e+18, 7.275786913323151e+18, 81109154092.27371, 148.89974949898922, 506
0.08436632236522308, 0.0007240505384633138, 9.017776109161321e+18, 4.129015013645776e+18, 95160108973.59322, 660.2460777212275, 351
0.09241906029383107, 0.0005177930953709107, 1.586061098346558e+18, 6.206383367734347e+18, 67652511939.14376, 457.0991153771605, 62
0.09688349660708111, 0.000563248270575908, 2.0358041508222262e+18, 2.0313245128267958e+18, 82766539213.55276, 798.5641682693916, 973
0.08771463154749348, 0.0005924505987655406, 9.490364803369499e+18, 6.392597362979591e+18, 22136907868.988197, 687.1362115348586, 883
0.072293991599627, 0.000637775593373597, 7.76260427028015e+18, 8.187533810625217e+18, 38606008614.004234, 240.01140954705045, 186
0.05328609113276015, 0.0006375371744809052, 2.0575421528915018e+18, 6.753994629464261e+18, 27272556644.142105, 459.6900914625133, 170
0.0809818185899332, 0.0005751249853389267, 9.892179375244362e+18, 5.519694107426483e+18, 55231684294.67214, 139.22138636060566, 397
0.06339965766811748, 0.0005545048840334279, 1.5250530250076017e+18, 1.925936630331895e+18, 62944912129.807045, 622.6665844914313, 866
0.053940285276709674, 0.0008656615520865865, 9.882986916325286e+18, 3.22704302307666e+18, 78805994436.43404, 542.2139313203248, 182
0.09798668116823013, 0.0009761130815585789, 9.944971218301927e+18, 9.456759594135642e+18, 50658786280.48855, 531.5957327967978, 798
0.053053529805904207, 0.0009155061544852449, 7.168299197530058e+18, 6.873390830168622e+18, 56544527610.11736, 461.17992702624895, 892
0.05116608116761057, 0.0009116039945914179, 6.985486429974707e+18, 3.6898296060953667e+18, 84594820278.01724, 405.0452159014943, 153
0.079995553066072, 0.0006508689893084758, 6.524528003575677e+18, 1.259008376203457e+18, 7184720498.4795265, 960.77679520459, 37
0.05904365833010922, 0.0005679510504666824, 7.465625487456243e+18, 6.029867128619643e+18, 78418241582.53424, 452.24105952462503, 375
0.08587582222166967, 0.000793586583366842, 5.152942295494734e+18, 9.908264415640201e+18, 33097131926.741142, 237.10839900043896, 102
0.09224458586382117, 0.0006664348565769575, 4.041359383018986e+18, 8.539987067913572e+18, 94816407946.6577, 450.07107507005054, 729
0.06780492843790879, 0.0008804681015749196, 2.946926248094403e+18, 6.767082412018596e+18, 99373782556.2489, 125.8854506754282, 1015
0.05480592755474868, 0.0005736565007259718, 9.156332687669276e+18, 8.444866687075619e+18, 91982527612.16516, 697.8873477356271, 460
0.09438065770473839, 0.0005114497380001266, 5.863249647815521e+18, 8.263780502052623e+18, 82094835135.65088, 122.4334515661374, 544
0.05680732995244704, 0.0006406502568933461, 3.637100040637299e+18, 3.1047322016565617e+18, 70287893323.18236, 632.1909714363527, 9
0.08791347443825036, 0.0009209733018397417, 9.60501082093722e+18, 4.552793365286342e+18, 27677006316.484127, 877.302729413218, 334
0.07930242216372523, 0.0008399264141852928, 4.89027352764725e+18, 6.087685909730376e+18, 31035627073.832035, 143.61368023661794, 278
0.08424785864332524, 0.0007009637255941045, 1.552649546368935e+18, 6.599760822137241e+18, 52830548302.81675, 716.3257568959472, 264
0.09261997388298325, 0.0009648973016324256, 5.745233353020847e+18, 5.191209481890551e+18, 38088583304.967064, 294.03717126715406, 204
0.06409010460674339, 0.0006347927944327744, 8.551039984621853e+18, 7.566473516760522e+18, 99264257027.87344, 505.69220896176756, 250
0.054222336371408636, 0.0006316941093996068, 5.415231495634805e+18, 2.203680151474557e+18, 31970199297.66136, 502.45897770592967, 764
0.062437888186472806, 0.0006026735871195628, 4.4118811613093366e+18, 5.182349073694339e+18, 13750247890.908964, 854.8265182640356, 128
0.0938332266707094, 0.0005067581871684818, 6.107319325418613e+18, 9.130510848667811e+18, 39649776863.375336, 647.2354965227128, 288
0.07294476547446055, 0.0008642931115337722, 5.347640452199078e+18, 7.77432780472452e+18, 51889322382.66093, 601.6851435040976, 394
0.06357273653167364, 0.0008299482673364371, 9.28022882719981e+18, 3.0933724193673533e+18, 41037968498.553894, 188.69406379313978, 968
0.05135874690007722, 0.0007289027717126486, 4.576830884609689e+18, 2.351638948971438e+18, 2294712482.5015135, 793.0716068098698, 105
0.09755141883084359, 0.0009092771904295604, 7.644965209345361e+18, 4.963975846872228e+18, 85754137301.44464, 489.88484154371594, 511
0.0609235219974788, 0.0008320219306901268, 1.2477872467712579e+18, 1.1407723828806112e+18, 57102118773.54502, 905.0331402658178, 286
0.09856857360620681, 0.0009861544774742161, 3.106700121547727e+18, 2.354482650010104e+18, 44331740218.795, 960.0474104865477, 56
0.08782855525754976, 0.0005608274556637237, 1.0936213402933467e+18, 3.967353669652016e+18, 95580617690.73622, 288.19274330888487, 431
0.07209666301326154, 0.0007985312337435687, 7.116254695572958e+18, 5.229723514593202e+18, 84729327501.53067, 458.96353372911216, 456
0.08389757757939936, 0.0008189527690067586, 6.729551142510135e+18, 7.404623560267316e+18, 60604379484.15707, 645.7326720463226, 682
0.07029412476488278, 0.0009103236668065021, 1.679097178130862e+18, 4.951984764475102e+18, 74991642018.96463, 509.34335241989317, 358
0.09161052436284153, 0.0006302984307662567, 5.443667738250451e+18, 9.978738761576583e+18, 72241487704.65242, 596.6564985502869, 752
0.07370954631878633, 0.0006089965042126576, 4.2713662658610437e+18, 3.5068107390345027e+18, 16097848545.658058, 268.9295842229926, 740
0.08741539503068393, 0.0009639043850394913, 5.223527610134956e+18, 9.277159833966567e+18, 22387113236.845425, 814.2739048648592, 695
0.07193786937081538, 0.0008665795494452386, 1.2391572696706427e+18, 9.562702795036066e+18, 99516387964.31943, 515.9086219573659, 111
0.07865757766933298, 0.0006577753378470463, 2.0462090190329336e+18, 8.007975169909178e+18, 95823088518.93594, 685.0397232974522, 614
0.09018856929309645, 0.0006239498060295639, 9.062245223663616e+18, 7.238600177927311e+18, 11852816489.866404, 367.0875420469717, 527
0.05401872575337276, 0.0007283089431085697, 7.975842813838322e+18, 2.412836768967683e+18, 75986651529.61682, 579.6410667978387, 842
0.08734452254255065, 0.0005536917624572885, 9.233149116117123e+18, 1.416068637729582e+18, 45634610443.58192, 165.0422226159947, 226
0.05746359956373883, 0.0007356902649228534, 1.0048629815940941e+18, 4.2514990469787694e+18, 17924798120.4337, 282.90185719318754, 561
0.07012209868146363, 0.0007844830198782348, 9.803258495203963e+18, 5.343726050854896e+18, 7220942284.570061, 640.7934435690878, 826
0.0852823137019872, 0.0005984968991104471, 4.073193104592921e+18, 2.057844971289071e+18, 90188372254.75575, 518.1847138777567, 756
0.09143632220669379, 0.0007575325469092943, 4.712690554593475e+18, 9.080328128727363e+18, 28079057784.717693, 982.2654379708382, 875
0.0646968491423003, 0.0006459702821469057, 2.6861208896214876e+18, 1.852648817007995e+18, 6148610287.163286, 408.8529338249572, 346
0.0784982900451533, 0.0006369400014975795, 1.3981305518710141e+18, 2.977678827665617e+18, 51449462960.26561, 504.2177809076742, 700
0.09570340495625204, 0.0005851039084176519, 2.532438310639134e+18, 1.5585752952839667e+18, 22698199540.248005, 404.26087497418996, 231
0.09190992752727768, 0.0007491542384904764, 1.0785815633134438e+18, 9.075841497124063e+18, 53776258047.5767, 739.4337257823233, 137
0.09666561620455011, 0.0005378334478802209, 6.950885394574075e+18, 3.7596017007552737e+18, 55381298620.46322, 757.7651775785639, 722
0.05288100831667627, 0.0005480768638099685, 7.955390807022855e+18, 5.878390786449867e+18, 9387758708.85033, 411.9180008050229, 895
0.09429613639445135, 0.0009942338732893618, 8.169152052487252e+18, 9.520810313373266e+18, 42956397152.90034, 882.639772636414, 20
0.06648626843829437, 0.000921410060366064, 3.6284264909373594e+18, 4.0038199792054e+18, 10786671936.868586, 215.39910434793438, 725
0.08147415342141757, 0.0008855769734068708, 5.467105294997685e+18, 5.457428994001421e+18, 71811081411.35736, 444.4964391197708, 73
0.059724414649175876, 0.000825044730557667, 6.094785141495521e+18, 6.50735819653675e+18, 69316648068.28876, 217.35168008004874, 63
0.08880538455395864, 0.0008470810077661072, 7.640092832275874e+18, 3.4279083390042455e+18, 86925454857.66591, 298.8725225931049, 819
0.07710581862713878, 0.0005353115646833689, 7.135132505467491e+18, 6.634314502623594e+18, 30224765094.170868, 561.3836384910057, 959
0.061926654607549786, 0.0009685534861372129, 4.850081014987862e+18, 1.0317294669617865e+18, 52177250336.43604, 487.06212550108535, 523
0.05282989597155521, 0.0006497694584003873, 9.488401388154135e+18, 4.880498458473157e+18, 14925235770.99354, 499.62443832328427, 400
0.07225260806078818, 0.0007616509950891996, 5.048777231838939e+18, 6.328928772221997e+18, 39351987889.225334, 248.64253292202127, 425
0.055180254534032795, 0.0009228156437733089, 1.4806820525009172e+18, 5.651043846732262e+18, 68266439733.32199, 917.3330723043684, 580
0.09527018328322039, 0.0005821435829232272, 5.118533156264894e+18, 3.7350581480577587e+18, 79910684975.34448, 455.8609790265419, 92
0.08561253946096732, 0.0007348979601477256, 1.3504820388707333e+18, 9.092002737195745e+18, 70358802406.15211, 994.9878091272392, 957
0.09368976504867157, 0.0006923517695487609, 4.4012131491656054e+18, 5.151893255734397e+18, 71499410726.55338, 591.5328915086018, 877
0.055966837998334115, 0.0007667063843078963, 9.597659413026234e+18, 8.045759861950975e+18, 86321605587.06113, 556.3546449259984, 209
0.051275230134351965, 0.0008906587798555623, 4.478795333050745e+18, 2.799682806964854e+18, 2256374037.4576664, 991.9809751294866, 519
0.05092830682864151, 0.0006857023920555755, 3.721596066913036e+18, 2.512657484397416e+18, 98000514375.4018, 928.733125149788, 1014
0.08896851487635181, 0.0008528156480439185, 5.723063139967735e+18, 6.669118782231218e+18, 49452053160.15226, 303.8508099501729, 978
0.06614480572625707, 0.0007914650902124576, 8.697680761936582e+18, 8.323412556272209e+18, 5420743793.406087, 784.9904954736978, 242
0.06876556488754704, 0.0006601262896931123, 6.969348103422366e+18, 2.1341076539502707e+18, 56826714893.67382, 773.4277237802273, 446
0.07038020405588014, 0.0005304748808745853, 2.3750242422185267e+18, 2.7202192679994404e+18, 88505717017.68306, 311.259875538583, 759
0.061645942358745424, 0.000808458862603708, 3.92269239316564e+18, 2.8239068894856315e+18, 96345128311.00815, 434.35500171239624, 310
0.08088754880249455, 0.0005118672991632132, 4.053249498844412e+18, 3.768195400274298e+18, 23116245066.21531, 675.873026779359, 464
0.06455709637389281, 0.0005872540536252532, 3.6800057677828787e+18, 1.5043231236965773e+18, 74280364961.33553, 852.918501789642, 575
0.08967223658766667, 0.0009871796283787892, 6.563199672397079e+18, 7.129569589777298e+18, 42391155529.38343, 987.7390129798331, 773
0.05224733092327384, 0.0006855311585661026, 2.6063982617996257e+18, 8.356675943922354e+18, 91768215989.67316, 816.7368481226068, 965
0.07701269822296221, 0.0007250807631618191, 7.149740202405725e+18, 3.2133557270001807e+18, 78472967613.05858, 975.8019479024141, 714
0.0909187082894001, 0.0007831133331269086, 2.7117974181900933e+18, 5.668929327526608e+18, 21472544635.747753, 723.1743774296689, 77
0.09996493124106925, 0.0009331334493644578, 4.666018238582286e+18, 2.25277129857538e+18, 25782923244.822792, 657.6510158771408, 869
0.08959331912392551, 0.0009891401887501853, 3.0378870426366935e+18, 1.6477889426827515e+18, 41239892614.73967, 669.741281453317, 549
0.08013569804571459, 0.000941067692911614, 9.115169011638467e+18, 3.624500355482066e+18, 97304215572.06358, 962.7493180024665, 435
0.08719621452952, 0.0006453281533056378, 1.659148964981496e+18, 8.899804478304484e+18, 54361973803.59113, 331.4923610715949, 767
0.09547719628159207, 0.0007253095800678537, 7.371231545289769e+18, 9.893028707057689e+18, 3790887062.511376, 389.96949738071515, 23
0.05498476825502491, 0.0005977052785008496, 9.042291213019739e+18, 5.037026881109969e+18, 33889127834.6755, 946.7651960873841, 634
0.05285606792764726, 0.0007930219596088457, 5.272952187327656e+18, 8.848235267194187e+18, 39881513233.92912, 529.1775629194701, 677
0.05319417007238254, 0.0007508303819940378, 4.0317016708612844e+18, 4.3314837710107085e+18, 93027912180.21498, 627.5823957045361, 684
0.06739269085784602, 0.0007328652831376828, 2.8962947401875635e+18, 4.5337198035364695e+18, 40408436006.683304, 357.2587690562587, 57
0.07213035819482842, 0.0008984853028470121, 1.7294789647662638e+18, 9.488435536621146e+18, 68520452836.01922, 973.0354444780567, 581
0.06857128794621717, 0.0005426847578182614, 2.166823978222208e+18, 7.460863047634562e+18, 10497474647.607317, 454.138843880329, 359
0.06277840283619926, 0.0008733662221321136, 8.548254256875879e+18, 1.2310530461246218e+18, 23935169758.61196, 304.2356811051807, 984
0.07725682897866419, 0.0009232361310169327, 7.360039089359972e+18, 6.123027199973687e+18, 81379503793.99931, 441.45095097536716, 24
0.06153559809708578, 0.0007969249831239224, 1.8469822620267773e+18, 2.5552326695274035e+18, 32573258576.97548, 423.2257817930245, 307
0.08494502676538321, 0.0005265562628741968, 4.402414111703089e+18, 3.463617486103065e+18, 60215650591.28889, 203.42496623266885, 529
0.08403554262341087, 0.0008115926012265402, 1.98499581793357e+18, 2.426400551573889e+18, 15968593835.403502, 161.1492844769173, 432
0.059546521077232684, 0.0007884779198396215, 7.158615460541575e+18, 5.497171226578219e+18, 2660691180.5797634, 437.6269626524212, 1
0.09881580694606995, 0.0008539467383081904, 5.53074386088068e+18, 4.0492504057841725e+18, 4703516362.695833, 691.2934298476325, 7
0.06668925821792897, 0.0007924813411236613, 8.442415363315147e+18, 2.0899085454024013e+18, 73054478725.89122, 313.9680109685159, 434
0.067147053222128, 0.0005285443216018865, 9.685805939325325e+18, 6.573609528458247e+18, 98469342020.88983, 586.9230982863227, 940
0.06711304907749209, 0.0005077518510959159, 5.291156146715091e+18, 6.181778391345051e+18, 79709670949.58542, 795.5582107497257, 849
0.0815930961839093, 0.0009469518721603183, 5.481174913812859e+18, 8.468249811853985e+18, 97173269064.16272, 600.3464772581065, 181
0.07535174567164057, 0.0009598392596634805, 8.235457714146766e+18, 1.3620852119848658e+18, 33856992287.50208, 682.4266604339075, 790
0.07659336581242705, 0.0005413584680163378, 7.604944637069546e+18, 6.300777852924045e+18, 24577832604.679516, 108.02214719824731, 74
0.07880173616793265, 0.0006617199379233137, 9.622758686777713e+18, 9.617583066084436e+18, 61343266104.71943, 998.1488657164961, 954
0.08695223246538321, 0.0008166696718252654, 9.905106182519206e+18, 2.759624200393433e+18, 86758103625.77632, 232.4199482582044, 214
0.08635758891576834, 0.0006400692090793102, 1.2245301719562304e+18, 4.5738959136147615e+18, 43167162719.39869, 972.2897295917692, 356
0.06527576472155408, 0.0005399255070190328, 4.821533774926924e+18, 4.4347291177717924e+18, 76645118771.40378, 153.120388566413, 79
0.06108863499928075, 0.0008508535245495448, 4.898724523039568e+18, 4.091624480924382e+18, 60074442280.80468, 203.76085619509922, 1024
0.05997087842015729, 0.0008555666273836638, 4.7374233939418e+18, 1.5233561931951493e+18, 84400837861.21257, 454.395922203521, 598
0.06887314485767573, 0.0008068021708513534, 3.80055053530663e+18, 4.167878810037494e+18, 34945522876.42374, 807.5865732699541, 841
0.0872651477880799, 0.0008353978607784786, 9.008902288790951e+18, 1.2198209030707164e+18, 91657873520.71324, 293.0478202830079, 615
0.09912207218226848, 0.0006862737361618965, 5.854805739553632e+18, 2.2937045687956242e+18, 77624795123.12564, 337.50335110347476, 93
0.09820579931465338, 0.000992765969571162, 7.744675302803848e+18, 2.750119690834865e+18, 95289301723.99467, 272.5429753718661, 270
0.08940094484580995, 0.0006847718250250426, 8.605173218576947e+18, 3.0493663113621903e+18, 48771843132.20168, 650.5640424778325, 140
0.08324770023087519, 0.0007002856793239319, 7.963002803147286e+18, 7.320837393660939e+18, 2778817917.0333576, 823.4109172399263, 904
0.07181110091144889, 0.0009342947203493707, 3.051281417462476e+18, 7.375245336522887e+18, 66887053142.8993, 721.2701954282134, 950
0.08832895738669709, 0.0007303135502150991, 5.320420199509088e+18, 1.5132593887773635e+18, 74006712723.50024, 174.08458812572104, 536
0.09496799946877689, 0.0009992991276082715, 7.090203067640946e+18, 8.069482109653255e+18, 70628690165.75969, 394.3038648100665, 466
0.08394330888429294, 0.0009052890488992801, 9.37265941123792e+18, 1.3945015520136916e+18, 68935790568.52814, 102.1374294958433, 942
0.05724488022429213, 0.0007463349452801933, 9.463006770726052e+18, 1.5503017443884014e+18, 33240927570.95064, 559.2307708044534, 681
0.05387260861252853, 0.0005342372125743646, 6.299466009530274e+18, 7.472668743625904e+18, 11315151374.033676, 358.53357081551644, 1018
0.05803396640560084, 0.000596509387676227, 6.795878190992475e+18, 3.9344963317992177e+18, 27184482890.08878, 396.1193093204263, 766
0.09601427826299752, 0.0005059161742309644, 2.0876171062153178e+18, 3.186014255389023e+18, 18291255517.344803, 182.48306217543598, 175
0.07732497093636448, 0.0005237740750350611, 6.808553748493957e+18, 4.240059380715687e+18, 8199618063.674125, 897.5796935065162, 313
0.07818237445414813, 0.0007266035703284564, 2.660841663145524e+18, 1.638322814901726e+18, 71122796355.48232, 456.5298833006951, 775
0.06505281100267357, 0.0005094405440956569, 8.666369701660963e+18, 8.75613228925412e+18, 79131590592.28447, 653.420040002486, 46
0.08012684273577556, 0.0006584086724499147, 3.707348740104641e+18, 5.778956912952999e+18, 92571505016.52875, 116.38265671432318, 416
0.0655788258996621, 0.000514585213590211, 4.062664896662672e+18, 8.080578946455845e+18, 3040134703.7004204, 908.318618610617, 22
0.07547882321570429, 0.0008696041723010521, 2.4351017464619064e+18, 3.704675533928173e+18, 38357969541.75656, 810.138619802974, 1002
0.07958028480408215, 0.0008411050508476355, 4.766560228186936e+18, 2.2776142638004739e+18, 74726306816.55518, 909.9902124531736, 774
0.05557231543314519, 0.0006214307332963853, 3.451802168523633e+18, 2.5347478526682573e+18, 46637723395.349045, 377.870504021318, 395
0.07298194926392615, 0.0006412642745633453, 3.5589553947228344e+18, 7.821855180517999e+18, 41713375957.002335, 419.86911984975353, 443
0.09454440109252085, 0.0005424792860439546, 4.2889309507408553e+18, 3.1628737579379456e+18, 35922232036.17132, 920.3580199386092, 292
0.07979222414403594, 0.0008172905122293427, 6.385514547158054e+18, 4.4699004898304333e+18, 34799125368.894745, 306.37727160898487, 328
0.07220444866641433, 0.0008436755270081517, 7.060068990166652e+18, 6.851620783404762e+18, 42269349481.72702, 229.89791425371877, 858
0.06361985390020114, 0.0007836352192113877, 4.203712116669924e+18, 1.7595684821083848e+18, 45739338043.02686, 596.4381362240474, 311
0.05639364869977603, 0.0006703604623129785, 6.121693522198407e+18, 8.485439141377329e+18, 72970748320.49042, 547.7228000626648, 721
0.07480576818237747, 0.0006673458252402629, 8.247132973871185e+18, 2.8816887891796183e+18, 94433950740.77237, 256.84955402633227, 1021
0.057774818401312364, 0.0009656672304753596, 4.587748576609381e+18, 6.109964609784234e+18, 7816031303.687917, 309.1726190794376, 340
0.06936308578108279, 0.0009539213152997832, 4.697156742193032e+18, 8.443181180808064e+18, 95363550051.10326, 590.0768598460206, 621
0.062284221266832376, 0.0005988466837229741, 7.47555681062458e+18, 8.269592700011956e+18, 70835433726.76018, 648.9756854373207, 778
0.06429227497043827, 0.0009998352076311234, 3.138831785101898e+18, 5.876221438363387e+18, 79399671008.41734, 611.490639237406, 179
0.09928068766259084, 0.0007809247625001053, 5.517956638454157e+18, 4.0498814539297705e+18, 99178465382.98512, 636.6284648934576, 252
0.08711676731193377, 0.0007235233257398711, 1.5716168334978212e+18, 4.027160332274607e+18, 49337548237.89393, 194.52691087346955, 28
0.07911778320833329, 0.0006647332859821245, 7.479130016475081e+18, 7.02755273447637e+18, 96475060232.64552, 501.3014905175785, 542
0.05049122446313147, 0.0006149079772662157, 7.208144904208091e+18, 9.57262649366437e+18, 40722138572.04821, 655.6073347741923, 487
0.07107281964802892, 0.0007190154496176143, 5.601080112603869e+18, 3.366068245935364e+18, 32329816409.676445, 749.111253851647, 194
0.07268489864814887, 0.0005935236757641823, 4.788281655401435e+18, 6.368825695336621e+18, 79546135034.87944, 934.568849855089, 211
0.06185090831663764, 0.0006777136191952026, 3.1601545482275666e+18, 8.411435525439058e+18, 3639374528.714028, 132.97854966593658, 97
0.08191570646075458, 0.000837642479954457, 2.493044020036662e+18, 3.246921934530011e+18, 43288882902.347534, 428.9519552233111, 843
0.09243616412403224, 0.000601472958534894, 7.345579157423696e+18, 9.877109602151694e+18, 87461022375.25587, 659.0998859607625, 326
0.09079420583342987, 0.0007654799952902221, 3.79435056936722e+18, 4.986702834396752e+18, 28192733630.92167, 402.9126162087125, 976
0.055477720293841994, 0.0007591651627996375, 8.216366074650761e+18, 8.57178478001867e+18, 25241726101.626183, 525.681591387314, 707
0.08343098003758373, 0.0008145442609799697, 8.808280072034064e+18, 6.815858017359881e+18, 27931651154.563175, 984.0190864680677, 293
0.06890990196460395, 0.0005565059989911801, 8.513959857091233e+18, 8.684576229906845e+18, 11948388896.264402, 685.9216506007085, 354
0.062164782522926836, 0.0006202741377738101, 4.833443943995457e+18, 7.629301961062347e+18, 97453657799.98502, 930.5717290509548, 437
0.05294582087613626, 0.000932564864807882, 3.012937126893739e+18, 3.677514694812679e+18, 4586637051.75074, 183.22357219319696, 563
0.07629531962322962, 0.0006569246759516718, 6.615570227572554e+18, 3.6381928961035397e+18, 73508838950.06033, 403.7017113228712, 862
0.09660207241380389, 0.000906493358537324, 2.8721422899491594e+18, 3.2901493716923945e+18, 47925528066.75131, 675.1410771199573, 834
0.08581354823119297, 0.0005529943449560985, 7.223004934778909e+18, 3.823023707045327e+18, 38735458043.05411, 298.00392435739457, 332
0.07780695445124222, 0.0009301017218378885, 6.129644718944318e+18, 6.072427064049513e+18, 62331806186.91532, 415.4479035065953, 44
0.08367585664306396, 0.0006991094463626621, 3.196120585546389e+18, 9.428817730821378e+18, 29655378651.31263, 815.2579723301723, 363
0.07476333351432955, 0.0007602190426150841, 7.57329382580259e+18, 2.833459087891413e+18, 92653755508.52953, 859.4094389776749, 967
0.06445850164791475, 0.0006735360912264424, 6.49734248476799e+18, 5.689079270586366e+18, 97591583540.4151, 582.0289105382985, 929
0.07053319373716635, 0.0006641729382706183, 9.703252820618846e+18, 9.353015830248647e+18, 29374694894.53194, 102.8397505797032, 147
0.06582139949696071, 0.000524489005913554, 9.366957186463285e+18, 4.956840212892654e+18, 33686390325.94289, 249.98249349498295, 219
0.05088876028257456, 0.0008787133546885946, 8.029974107033922e+18, 9.332980081025427e+18, 22205993550.392494, 778.4776907531692, 51
0.09393705350128803, 0.0006943628209552238, 5.507264977240979e+18, 1.8512434843627904e+18, 86082371095.7793, 981.0894159082844, 546
0.06254539706796124, 0.0007242792806734003, 5.51427288139372e+18, 6.855884997763903e+18, 2047223677.2736797, 368.55273730579927, 689
0.05604610567197961, 0.0008863597353636805, 9.381354926557397e+18, 7.190504365192023e+18, 30680061339.717613, 216.78544530380668, 734
0.062348165292601364, 0.0008570487169285235, 9.169159707435064e+18, 6.917671371110393e+18, 88163572520.77628, 567.8978919542092, 192
0.08359184086526344, 0.0009823096949982846, 8.361867138757112e+18, 9.35923133964016e+18, 49748695999.919556, 968.078614496955, 168
0.05850377557682094, 0.0005510835410570837, 4.459842352674253e+18, 6.186077077240867e+18, 59119800023.8165, 923.4627025483171, 373
0.08710132494331821, 0.0006265650503235825, 7.913050503848579e+18, 1.43665654775283e+18, 87225076359.04611, 274.219891129611, 279
0.07088714189609843, 0.0009132482466729529, 3.8732425261607854e+18, 1.6098258595567542e+18, 36718442771.17638, 827.2698916977372, 753
0.05731807228853856, 0.0007675389252962872, 9.947715244220998e+18, 4.174498829957037e+18, 65991646387.75932, 233.62425625566016, 744
0.05108803519240425, 0.0008132448668512473, 9.57182036228817e+18, 5.134725561381729e+18, 76501026814.00986, 713.6354355007392, 6
0.07244243219232818, 0.000812063423402923, 1.229551406369476e+18, 9.198913031668069e+18, 5608113414.356816, 522.4158051360209, 988
0.08806133536165241, 0.000866963368462644, 1.0299339614579343e+18, 9.223223601337909e+18, 61316580440.158165, 359.30707526794623, 430
0.09531308517696604, 0.0006511683903122532, 2.311219219038848e+18, 4.3275414237602447e+18, 1857298164.438306, 836.087216621699, 990
0.08688523985296193, 0.0006930594154649662, 7.027957671544647e+18, 4.7641899188275e+18, 22638247736.31065, 731.3802480997844, 69
0.09917952031066704, 0.0009087375212830245, 8.598598457785107e+18, 3.2723476632719473e+18, 50921080109.5244, 418.0012330757862, 75
0.06861619432855542, 0.0006287585329550022, 2.3277671459062323e+18, 9.601834138553133e+18, 19598279775.48282, 545.2826292750906, 825
0.0923039330208528, 0.0005752256007078441, 6.998995276037419e+18, 1.6906807015547858e+18, 57540005621.61264, 603.1380991591535, 71
0.08287401329493523, 0.0006731192273529953, 6.417334882766937e+18, 9.17349047506666e+18, 19757228249.36126, 747.5390286021344, 465
0.09209802316271311, 0.0006431686954721499, 2.7659398498626396e+18, 8.319377190210273e+18, 64512641961.3697, 881.4305875425757, 35
0.09346988412720886, 0.0005004908169525547, 1.433271089122377e+18, 9.732893794012176e+18, 48575782976.28576, 565.9889532078341, 413
0.08542218008062849, 0.0009886169005965764, 7.308166359456868e+18, 3.4960911314070195e+18, 58969697576.10638, 431.6736653252258, 888
0.0844255768028148, 0.0005728478290614906, 2.9934762448953887e+18, 8.873398559841314e+18, 21587702985.39506, 339.9721919061617, 589
0.0874965830632381, 0.0005458242718468625, 4.61347891689247e+18, 9.859116033666124e+18, 15492109657.854086, 767.3787569076952, 176
0.050418274769027216, 0.0005160777125153284, 4.520877272278118e+18, 7.484766415260945e+18, 32855106055.63872, 940.4628526777175, 133
0.06322313431364744, 0.0009638238746532741, 2.467311174829918e+18, 2.4011085409102694e+18, 95862572872.38821, 689.2289314458463, 545
0.09771331596034023, 0.0006429831704555931, 5.003514046592033e+18, 2.0838250344107932e+18, 64113146721.38317, 602.0803994665321, 488
0.08123014003632957, 0.0007497466893568228, 5.265586712157211e+18, 2.6382426720465633e+18, 36778061568.41109, 191.95993605021783, 717
0.07315517239463094, 0.0006209117719370494, 5.197693959986588e+18, 9.795234558946404e+18, 66204232780.85755, 736.7459735564553, 815
0.055676577057598764, 0.000995837980099121, 2.3704470121231867e+18, 2.8994529196614554e+18, 87738478843.28398, 564.5681194135183, 352
0.058648683822347954, 0.0009451174376636753, 8.191182941659266e+18, 2.2097218947269373e+18, 89149294427.36308, 401.96759671704035, 762
0.07457851053996543, 0.0009473069023866403, 8.987860358715868e+18, 3.0474037639231503e+18, 8051851656.091098, 376.5381354903771, 727
0.06993305441441634, 0.0005462196988193464, 2.4967188264456986e+18, 5.562855086618467e+18, 88795143644.11531, 472.6929052936675, 711
0.09503764474028698, 0.0007512043128025622, 1.830281152568848e+18, 5.658685551772283e+18, 62233073400.46712, 313.18027531883797, 1019
0.06987770387996411, 0.0009599663167042059, 6.707744319361185e+18, 7.293366036059482e+18, 3584554937.963502, 549.1978595332212, 880
0.08311395702053086, 0.0008766390548388416, 2.724806155199652e+18, 4.515122106789986e+18, 92852302041.02272, 120.37252443842958, 81
0.0993455426184522, 0.0005808155750759651, 4.934139621453895e+18, 5.696273234921057e+18, 75611334540.66858, 149.4414208754265, 1009
0.060068936067775344, 0.0007023196726191171, 5.843292749101006e+18, 2.3240722498448036e+18, 95248131321.79857, 524.9193385326816, 116
0.06049114049411017, 0.0008480687852712381, 3.230907562238117e+18, 6.70583359056766e+18, 93877816263.42543, 914.4142171170413, 931
0.0518117673894463, 0.000949260714717227, 8.708464834446488e+18, 1.3378205624695078e+18, 96066917639.9986, 725.0073446423005, 155
0.07715506814653769, 0.0009559812015133508, 2.1696123885612598e+18, 4.749071623388146e+18, 20621361053.76841, 327.65119806091684, 330
0.060631840910437294, 0.0005786416928340681, 5.752554887482201e+18, 6.378343092315866e+18, 90747494489.38277, 469.60605246632554, 261
0.07173132077958716, 0.0008320835815385082, 3.833087543351449e+18, 5.468867972753062e+18, 91000417526.52756, 176.69208156924623, 89
0.08068141713633092, 0.0008798283882631289, 8.75608814739738e+18, 2.6726113321908675e+18, 29269301107.068535, 785.6809306012108, 384
0.051250146155794506, 0.0006741121364201652, 4.747149703936141e+18, 7.317438042334702e+18, 53136439606.54055, 866.2340121928673, 1016
0.08647338811620273, 0.0008697997437973907, 7.858327380957234e+18, 9.481359461572088e+18, 71325455492.89651, 791.5296506189021, 119
0.05523452713982993, 0.0005513603855019703, 8.107081361715927e+18, 7.432985858292638e+18, 88934683238.0591, 623.9762970587128, 273
0.0990264389099097, 0.0008368749991955894, 6.769358720695566e+18, 2.6549512917529037e+18, 62533772460.81062, 506.6712315797229, 47
0.09720882309804024, 0.0007091088042005618, 2.3417733659431905e+18, 4.739626145207794e+18, 83001503878.49706, 251.47274651754188, 389
0.0629338754464, 0.0006132499515148274, 5.069634246667407e+18, 7.181445894254014e+18, 17889858729.411087, 240.72774597011684, 556
0.09342282028545493, 0.0008937264545640479, 2.7485077642286275e+18, 6.844113439066915e+18, 19889085112.495766, 874.6142952937089, 829
0.09937507566479786, 0.000895974159309805, 5.201197832854348e+18, 1.0417237997825688e+18, 11731460311.124008, 729.7604666925579, 433
0.0648716286119942, 0.0006003854835534306, 9.307351794492764e+18, 3.670500161285355e+18, 10007022290.761986, 745.8373059974862, 122
0.07432735442921176, 0.000746824406940612, 1.9967377766137718e+18, 7.423729571199861e+18, 93210590008.6898, 270.6385508793775, 776
0.07645347985663936, 0.000537058869021695, 8.627003379693428e+18, 3.5284430591097887e+18, 20447121360.479454, 706.3428459208714, 995
0.06978348358925054, 0.0007562865609621252, 7.240167029701872e+18, 9.374284385087255e+18, 8109520877.967739, 553.5291879708909, 586
0.0775380602464167, 0.0005349967142180447, 5.246896359876745e+18, 4.548441200160479e+18, 83201712094.00735, 769.4833366138836, 58
0.07618121272921129, 0.0006819074948311442, 3.7043349756414116e+18, 9.741815025381095e+18, 81810577861.17477, 684.1490781583028, 993
0.058181284948266083, 0.0006244203170653103, 1.7188707851090826e+18, 7.252738212306296e+18, 10366339984.043447, 101.10579174425078, 861
0.07145936669574962, 0.000529179488657441, 4.228060753241527e+18, 1.139948692881909e+18, 39732758731.84846, 638.9613904515912, 345
0.09165937898958246, 0.0008447495784701799, 3.696205961276057e+18, 5.844176761817741e+18, 1518154422.620418, 841.4014241609455, 296
0.07860949972723072, 0.0009397994935014683, 4.797189974242065e+18, 4.354229823117979e+18, 17033999883.141407, 971.5121343314676, 338
0.08980267901378229, 0.0006385408305239916, 8.425823812760955e+18, 9.699554245564355e+18, 77058772167.86182, 712.1179719300857, 372
0.057934860479235364, 0.0006533631927625436, 9.866757157286103e+18, 3.581859055480634e+18, 8714253652.92131, 630.4198410069055, 468
0.05690781867409751, 0.0007433749755148462, 9.204524948170579e+18, 5.437656281096557e+18, 96755995868.02869, 213.54396997000512, 687
0.0704785451541785, 0.0006588041591145883, 8.032023961905986e+18, 2.693124822579351e+18, 61635113903.609344, 652.5166883278483, 251
0.06687567958629331, 0.0008874623350356211, 2.7545098790061537e+18, 9.657028516416414e+18, 96212107476.03421, 204.6558388224688, 233
0.05509180325514514, 0.0005208920086492202, 3.9371675738536817e+18, 8.798219687603611e+18, 75098588440.42043, 850.8627152544495, 584
0.05492244998858855, 0.000589786626517597, 1.8694872696285437e+18, 9.343595496138752e+18, 25387600488.721497, 168.5378426410949, 932
0.060825033643487736, 0.0009045330310833591, 2.327064915692669e+18, 4.1049827719630085e+18, 30050171137.874687, 173.16576772987753, 921
0.05971560773089753, 0.0006152925299361821, 8.738684963330079e+18, 9.01047488905999e+18, 69601940692.33588, 894.4032906729501, 525
0.06188888734968312, 0.0006967180851462682, 9.13082343935697e+18, 5.577742113439879e+18, 41522943312.01341, 187.38007711283177, 505
0.09408986378062088, 0.0006222263084565279, 9.08263910169782e+18, 8.701014018812769e+18, 13637712461.055298, 347.0379781260026, 19
0.09306996449020721, 0.0008678929013232622, 7.351640060646351e+18, 3.2947401670078715e+18, 40919412588.169235, 816.1871338864293, 908
0.056778008014851666, 0.0005779427856254175, 2.5629559819944755e+18, 2.2215219585529142e+18, 16014048359.623142, 724.7238713982773, 755
0.0728304300657466, 0.000743873459834111, 6.81217691472963e+18, 3.857254275987683e+18, 87045914235.20366, 978.4800270204594, 637
0.06423301614073508, 0.0005028856774660831, 9.543456061226545e+18, 7.910530802963419e+18, 51153722491.04762, 776.8401944538215, 640
0.05965396189531875, 0.0009418924203996349, 5.391787515525419e+18, 8.500400138157916e+18, 9735252563.002293, 157.74004028023916, 824
0.09596295540941244, 0.0006869021892851422, 8.887832769869186e+18, 7.393993649404115e+18, 44281081743.69997, 615.2280922182005, 837
0.08775217346616096, 0.000978709298838572, 1.7640651130868864e+18, 7.388049758318996e+18, 9898901508.488935, 969.7114752581172, 822
0.08704379087418374, 0.000824418660056236, 2.4316309666990643e+18, 6.414073402986473e+18, 34545339456.46032, 161.5658350963495, 578
0.07325512853775172, 0.0008268072970532639, 2.9280454044037545e+18, 9.942262219792196e+18, 86263303276.92413, 803.7519008078726, 706
0.06738085113317441, 0.0009481822230618289, 9.03175664473983e+18, 4.616042813344162e+18, 38158821807.17141, 322.08185962377286, 894
0.05822070428699644, 0.0009403275022916139, 3.3891551327372667e+18, 3.140058762442789e+18, 55777216726.06064, 150.2946189959502, 859
0.0506525349912381, 0.0007382718936858772, 3.1875704999444603e+18, 7.042992196788292e+18, 87900344814.18257, 887.3501143794915, 661
0.08250730304601439, 0.000706462915116184, 2.384982117192973e+18, 5.99797451497813e+18, 14024699766.969322, 207.70511326635642, 515
0.061207953941760596, 0.0009465838454501973, 7.682428648937766e+18, 9.766650426901938e+18, 47364093530.049065, 213.09368350765993, 361
0.09613652845775891, 0.0007816927983366656, 9.500180375294878e+18, 6.27937487066772e+18, 12139540037.179049, 563.8571704778187, 620
0.08686177093327821, 0.0006712143022798579, 8.29088101839474e+18, 7.149131243129857e+18, 11653429322.23467, 254.25024267760645, 518
0.09265458260278138, 0.0008144206428864239, 8.297274296895241e+18, 6.740757169200602e+18, 58312300259.78787, 242.2739609886832, 131
0.09909395221738886, 0.0008627094170131039, 5.334349700718806e+18, 2.929033362042204e+18, 18559901897.839607, 997.2783522208008, 45
0.07596926714361114, 0.000703060141802289, 4.2365554583958646e+18, 5.806537926714496e+18, 82445868817.94493, 975.2937640711563, 379
0.07883244430748093, 0.0009307674225969252, 8.819841475064848e+18, 5.984206853020805e+18, 64968667855.905815, 218.0290799797599, 851
0.0832827666968218, 0.0007448418080699212, 3.380768558487151e+18, 8.171927795074356e+18, 72739654590.14026, 246.4338022130299, 67
0.09182838454146197, 0.0007679682370092956, 8.79190624473954e+18, 9.526204384935746e+18, 19408030153.081562, 361.3861130576201, 638
0.08169361775229761, 0.0006186423023031972, 2.8062803259952215e+18, 9.87262618904416e+18, 85974843944.96045, 322.5339150162421, 613
0.0501655214055715, 0.0005627543021152641, 6.06260093736447e+18, 5.829622523920201e+18, 20744334116.45237, 979.7864025744558, 477
0.07123333414321459, 0.0007639031813210796, 5.358669467181516e+18, 8.385501631785218e+18, 18693133689.51617, 839.6568747122517, 497
0.07802988559917323, 0.0006524889877290174, 4.2451694947855375e+18, 9.957836360812624e+18, 67249412667.79416, 290.28391742296094, 371
0.0663941497186715, 0.0005783496312042088, 9.990511190949196e+18, 9.442111330307789e+18, 7519586416.638343, 694.5346919382976, 609
0.06543470751274523, 0.000507820523684495, 1.1462875773416767e+18, 4.314094962411771e+18, 59286762625.17192, 574.5342988818322, 652
0.0903450849713123, 0.0005955594014234693, 8.823179757448383e+18, 1.882276106471735e+18, 90110779825.41069, 671.5288109782584, 914
0.09288908029636263, 0.0006282525143825077, 7.256724602324421e+18, 5.973610004266142e+18, 99783524198.69522, 132.17082465357564, 167
0.06222510459233091, 0.0008974431071429086, 2.1878042148479455e+18, 2.3921438382240753e+18, 13255825266.02266, 833.9961882521326, 408
0.07754878712163457, 0.0008162467528538727, 4.5954643496695414e+18, 7.011235195107073e+18, 85984400876.78134, 718.5825625389612, 628
0.0923345433284749, 0.0005602341955611584, 5.37445167336847e+18, 4.077704439910652e+18, 95974214874.87117, 726.2052332663735, 249
0.08658892471544324, 0.0005833366901275732, 3.4280344942552177e+18, 1.5687760621572273e+18, 45426373047.509735, 880.9060300717894, 198
0.06578379644266759, 0.0007728284198929362, 8.53270873052653e+18, 2.6075728589216666e+18, 19166638407.970345, 668.3781870576678, 189
0.05935129210299765, 0.0007455793255041552, 7.197195322971657e+18, 2.1785966398108426e+18, 63791882226.34234, 923.9829691110489, 482
0.09979981137575704, 0.0005324219578363965, 8.954794192522263e+18, 5.047702083452111e+18, 9269641568.151854, 568.9817452364514, 343
0.07157514606914792, 0.0007036241910783308, 3.2154559812132147e+18, 3.872875994090907e+18, 46428125385.57638, 796.1345270731008, 911
0.08054099026343892, 0.0008933936027325394, 6.310665284897441e+18, 1.828510743879716e+18, 41937238387.94854, 394.92906290071835, 160
0.05461290948568087, 0.000899115710318534, 2.6380030563216804e+18, 2.1250886487900454e+18, 26941777583.565254, 918.9877797542628, 1017
0.05440202514389856, 0.0005450396990640989, 5.734062550423545e+18, 6.442934087738776e+18, 99088342545.4395, 992.1316650089757, 29
0.07425684959719514, 0.0008630085055427627, 5.174825635836501e+18, 3.956624948957508e+18, 37557729707.31931, 520.2277615464714, 903
0.06346737855770691, 0.0008843600325542063, 5.122777781480593e+18, 4.648003115919026e+18, 50798234035.87035, 902.7994828438242, 16
0.06307927264375063, 0.0006136086778429912, 1.4866666825206835e+18, 1.1942255622206077e+18, 74852908467.27464, 372.9092028166258, 143
0.0637039444061064, 0.0009167713125052784, 8.308100783088706e+18, 3.418608294718085e+18, 80127030103.63162, 305.13738687267744, 247
0.05454289520540938, 0.0007055669446538336, 9.836992036815573e+18, 3.032993948821757e+18, 44703489494.37569, 775.2962049504889, 284
0.08142622338763289, 0.0007547619636522402, 8.844195060244706e+18, 8.424549436476835e+18, 88454216239.36497, 370.14892680672745, 568
0.07919704605566352, 0.000780451277129401, 8.996939127846517e+18, 9.036708159316457e+18, 11549740968.76767, 986.5105805807831, 647
0.051886523802129624, 0.0007898980232422213, 6.359768249077521e+18, 2.6230614490087404e+18, 59369843570.08887, 633.3008770292269, 924
0.09488664114944628, 0.0009664365650988145, 6.264384981991811e+18, 4.5169225020064266e+18, 71586214843.97049, 719.7620064709946, 818
0.09812741576945098, 0.0008199345437479354, 5.675133532331568e+18, 2.615982817346914e+18, 71438940332.0371, 480.2976794551613, 303
0.07427071481499165, 0.0009549027140914625, 7.081893152377738e+18, 1.30435708024677e+18, 77429507822.63788, 463.515434087606, 531
0.05061164960485081, 0.000715034996266719, 4.509044728129867e+18, 5.724020162427996e+18, 25050989215.788197, 320.16402915842156, 607
0.06986009479732928, 0.0009096956385655152, 6.4337538003599e+18, 6.382739902213598e+18, 23497892855.285408, 757.2461116685271, 220
0.09872609575476832, 0.0006051441794803088, 7.012460424723208e+18, 8.712014931985466e+18, 86425348357.23282, 225.3826499239226, 893
0.08412529256032528, 0.0006563082013662288, 7.864428740574925e+18, 3.1202273383942605e+18, 52984748807.77253, 749.8152403752721, 602
0.05377830032243812, 0.0006157644790028066, 2.0722616927194568e+18, 8.771024593238262e+18, 43481899841.71066, 267.8884419909035, 852
0.06625013236026929, 0.0007687535650287826, 6.474241663740071e+18, 1.784230501745474e+18, 64797822170.91117, 113.00419042643924, 406
0.06492495513896977, 0.0008030907646289024, 4.2244379336709755e+18, 5.527153451186096e+18, 10984872825.525557, 958.4588764656564, 522
0.06352287419993861, 0.0007420028427666619, 8.016932178583559e+18, 4.857048742041498e+18, 8422136771.218966, 656.560791762381, 300
0.09858998293917996, 0.0008995781474566884, 1.9122225349232192e+18, 2.851108108658783e+18, 69171947562.39621, 621.0836819035611, 982
0.09386869049775459, 0.000993611831138351, 8.90451035161984e+18, 2.81205479788382e+18, 47704718454.52648, 663.0977836800528, 323
0.062384208486450696, 0.0005700584606722928, 1.3045836381923464e+18, 2.1542356597746985e+18, 34281986808.94541, 797.7432515801268, 405
0.0911258683127564, 0.0009966440997114002, 3.606010118737298e+18, 3.358998921923044e+18, 22513148828.035805, 328.5899389712525, 327
0.06603679825212547, 0.0008370521638268087, 3.28354484338172e+18, 4.4563685000985815e+18, 16627238273.925919, 672.2546632870782, 912
0.0649761897475177, 0.0006474415780121807, 6.960288471824051e+18, 9.105930829173345e+18, 16375152755.584713, 702.9423565035946, 791
0.06566569292961115, 0.0007045378245204337, 9.450761341116551e+18, 4.772764108574953e+18, 53218600769.051834, 383.11275099106547, 738
0.0818381335384692, 0.000683268876806827, 3.175542508151141e+18, 8.697706760680032e+18, 67432358892.732895, 860.8062722026474, 103
0.053603176956642885, 0.0005270679539705958, 6.461152425173594e+18, 9.513116456219585e+18, 92157122051.10327, 176.37857304837087, 510
0.05897819509409434, 0.0005910612247125758, 9.427613767742575e+18, 8.975986758333196e+18, 60731208690.188, 170.22948722025663, 130
0.07344020162756242, 0.0009326784124884006, 2.1063145246062738e+18, 1.2444535104687892e+18, 24070134110.46375, 689.905324680485, 660
0.07379598034636102, 0.0008759634707820648, 7.18685797113142e+18, 3.5643649426547133e+18, 56903678865.069916, 508.19675387950304, 771
0.0733129249198965, 0.000952081058545659, 2.304318131851717e+18, 8.931055748169763e+18, 94180841975.2594, 261.22142198325764, 4
0.07900979932150952, 0.0007409951643187215, 4.256010115655163e+18, 2.3411373565383286e+18, 60834207748.986206, 793.6072366478799, 139
0.08273647431421718, 0.0008429133134112174, 8.91311938998788e+18, 7.672408106291531e+18, 23650760584.554115, 651.1000229497496, 120
0.07005377112495542, 0.0005503743161116399, 4.970889479464112e+18, 4.271197535062508e+18, 85108300043.13136, 613.3830239951697, 368
0.07890374255952742, 0.0006009403649420363, 7.539489234497037e+18, 5.837495108730085e+18, 65203366308.376625, 853.4374546979419, 174
0.09926233849046572, 0.0007968517549065402, 4.640414121152559e+18, 6.678131830483442e+18, 59869334589.18163, 258.44574838044474, 905
0.0974951402268182, 0.0008074755735115841, 6.8597838367652e+18, 1.1790133492282609e+18, 98975412813.49892, 294.5903584346255, 663
0.07143433961570855, 0.0006637440891878245, 6.430625521638593e+18, 3.4829922130754104e+18, 40539141986.94583, 808.4184981189651, 253
0.07814544527900671, 0.0009424963330482605, 9.65643450407816e+18, 4.3056225839523343e+18, 86696467594.02777, 550.1033483552637, 642
0.07092200049599198, 0.0005140152938582673, 3.6533486720263516e+18, 3.538540125357301e+18, 29073465128.882057, 936.4346763554214, 920
0.09766772279303639, 0.0009041411137944649, 2.1390371428456635e+18, 3.4564536687723484e+18, 44595772579.87967, 701.6075945698416, 445
0.05683648471820614, 0.0007397007014900522, 3.0645588543275986e+18, 3.5142878371792297e+18, 15099198489.51648, 976.539226838444, 357
0.08173941578700741, 0.0006270923373805978, 8.863625293554967e+18, 2.265892478187185e+18, 73855453939.24147, 769.9497148820594, 504
0.07387610627779298, 0.0009715129562345138, 7.260598017225223e+18, 3.997054528789959e+18, 71215729472.03366, 208.5807414729349, 308
0.06414081996450693, 0.0008606150705521889, 5.827645449849248e+18, 6.33533341782384e+18, 73733318995.16762, 421.4193189778129, 166
0.059600587719154746, 0.0005657242622667835, 5.97803968361044e+18, 1.9350668483949274e+18, 12474441331.310707, 692.2154652100255, 43
0.09416943780057141, 0.000883996384646389, 1.634354114323134e+18, 2.289411723783035e+18, 3240620577.520887, 917.5512069826611, 228
0.0920568668481402, 0.0007875376676886533, 9.999555773575709e+18, 7.441566022795911e+18, 75354868076.00925, 570.859986264381, 760
0.06522984454342515, 0.0009058385905395955, 5.620056756990479e+18, 4.6013181080037555e+18, 70962738265.64862, 901.7605063476587, 224
0.06299573001048717, 0.0006750345846666328, 6.059645265914983e+18, 3.2053928942624143e+18, 63198132807.419525, 380.4682956641582, 800
0.08903432429109852, 0.0009373076517867824, 1.188567493303865e+18, 9.93105254559778e+18, 68769328732.76361, 846.3065392883847, 577
0.08653078055155358, 0.0007128081518175918, 7.389490946099229e+18, 3.3145018420534093e+18, 26809496259.40449, 739.9848905656272, 987
0.08353835378541491, 0.0005818658276578107, 5.18373215552963e+18, 2.859180277075953e+18, 47046831738.28561, 921.1292985408508, 59
0.07202057466568011, 0.0006559785502623229, 1.6433639754504886e+18, 6.976525428017703e+18, 47265482761.971054, 109.65639134985338, 769
0.08369265471391649, 0.0009085370008215066, 4.26899973990969e+18, 6.492587599166573e+18, 54507076201.51202, 620.2693321154384, 499
0.07322529740444333, 0.0009161174711454921, 5.254127184748008e+18, 9.448763920248852e+18, 31128801720.333755, 197.7030126561817, 245
0.05338665782066133, 0.0006056833569268396, 8.260278009941599e+18, 8.989846757962702e+18, 62415799003.45934, 862.970087253775, 1010
0.08759645783647216, 0.0009751470303445088, 5.433696088564394e+18, 9.311067151728503e+18, 51813138255.2584, 618.6254786457959, 409
0.06476238528839537, 0.0005538853716542477, 4.188757611594514e+18, 6.167230914234783e+18, 44917863872.66832, 292.0802567120138, 294
0.08795959906904627, 0.0009841993626769406, 7.725444579462064e+18, 4.440961400059667e+18, 44697673314.910706, 379.31365070889456, 654
0.053751932907947775, 0.000888722313414834, 2.591607967454539e+18, 8.549664314946583e+18, 52565772716.28321, 566.9156443557272, 267
0.06729924367583379, 0.0008896647583483657, 2.298108571248627e+18, 2.3071899317764915e+18, 48959931071.67107, 584.1119444107554, 33
0.06610209003119415, 0.0008684135975504962, 9.337395399188374e+18, 7.720955496047743e+18, 66755906360.627716, 285.68448779224514, 301
0.0756494517472114, 0.0008301204836876498, 6.876906396652497e+18, 1.7810191566676168e+18, 79479883017.53845, 164.8074439030801, 370
0.05815225816693111, 0.0008089535035683542, 8.778611730911704e+18, 1.9056465031481825e+18, 46223530227.73154, 587.9049853193378, 991
0.07518526607103593, 0.0008594036749317937, 1.7654884228750797e+18, 1.0518085893779781e+18, 31906579604.66037, 338.2235316623245, 260
0.05415227072343945, 0.0005929225172231219, 6.037250189780576e+18, 6.79391719146346e+18, 17059538255.676668, 533.8607789166053, 223
0.05204222252432575, 0.0008457489557347436, 3.915543310971914e+18, 9.027881344713766e+18, 4019631019.3938985, 858.688733885358, 411
0.09328631654097569, 0.000579294269088323, 7.794003356883381e+18, 1.7690983748287995e+18, 5886920999.82426, 177.43015137794424, 676
0.08500301338657668, 0.0007216655424081337, 5.285036948483469e+18, 3.377443803149273e+18, 18666577085.291954, 146.76710469485064, 741
0.08479703664548989, 0.0006971641235654618, 3.405423785152034e+18, 3.6298005221418214e+18, 47833965247.78893, 801.1596117643369, 726
0.05347153124460486, 0.0007628232647473072, 6.011661784136884e+18, 7.26767967894015e+18, 80982506420.1849, 265.9702091489938, 121
0.08212423865693935, 0.0006813556393449996, 1.5646487374374738e+18, 1.5368013105696686e+18, 72586822076.8634, 878.4590608522436, 221
0.09640208088980314, 0.0007165941482700766, 8.495356337258978e+18, 2.8370059518474455e+18, 21820621017.76345, 330.747130763683, 608
0.07262574140320079, 0.0005013754486868332, 9.584844799724229e+18, 7.894448330513937e+18, 42673398664.33559, 315.90141011162757, 157
0.06033948634172733, 0.0007085752504272768, 6.447364464841977e+18, 4.388482833372174e+18, 80237938347.71251, 107.62527652734681, 150
0.0951695188271603, 0.0009577263906853637, 8.229264128208548e+18, 7.610244607058077e+18, 24693836545.472565, 956.5569482962264, 955
0.07337308670415414, 0.0007158714087988178, 5.94504582684174e+18, 1.4244392826908268e+18, 6677266334.637441, 537.3864161006961, 532
0.061742223773739426, 0.0006719085611377226, 9.554134954470605e+18, 2.7485827041382124e+18, 14764427267.67741, 665.4610526544647, 469
0.0650994116830655, 0.0006694601790944154, 6.245478064162105e+18, 1.2884962781136899e+18, 65597044288.421, 884.4597097126908, 956
0.08737548270325994, 0.0008151664219638875, 3.306152181666741e+18, 8.999222090918282e+18, 1903014807.732347, 677.3505959954393, 453
0.050074613666023435, 0.000575975336214793, 1.1512074395193747e+18, 6.937180038242815e+18, 26085665197.675552, 408.48050255035014, 206
0.07611778049743058, 0.000765717892858155, 9.743043361736247e+18, 9.417258093597825e+18, 66123003180.39635, 951.3971902539205, 188
0.07771484001207611, 0.0008967657114487746, 3.481878896618583e+18, 7.291387681878896e+18, 83642604191.05864, 781.6119096490937, 489
0.05797011854856908, 0.0006690692976644234, 1.6676225221668142e+18, 9.494598436784554e+18, 5345190570.540885, 200.26556600813151, 61
0.09700117850657335, 0.000619170231778749, 9.873176557644227e+18, 7.178264786423031e+18, 88374079977.47043, 223.72884658907674, 665
0.08576495960792575, 0.0005692466223093435, 7.587727452501581e+18, 8.656525893939084e+18, 47176474541.98772, 870.0629597311154, 222
0.0904180736964335, 0.0007848791457785681, 8.075533244730648e+18, 8.944722124328439e+18, 24921668952.065407, 879.379234027388, 891
0.05087578280734633, 0.0006228626651457276, 4.730940606862456e+18, 7.212630262923062e+18, 21208630937.990185, 140.9819723722069, 234
0.09606151797956258, 0.0005490568881787772, 8.052270625301652e+18, 1.159873558531814e+18, 32774979220.072266, 822.66919698426, 735
0.050117893815012735, 0.0008174638408624984, 8.158938107919378e+18, 1.3154124989566894e+18, 63011381865.09897, 410.4207771890403, 865
0.08377139608951245, 0.0009316652989821714, 5.924559822065011e+18, 9.402824290759088e+18, 89446389214.95088, 977.2789031057324, 952
0.06706007597374357, 0.000917607883958547, 5.545189966142158e+18, 9.540809234464604e+18, 77949957330.83517, 973.9534020418643, 458
0.09052495541222147, 0.0009920666722839904, 3.4377725505150623e+18, 5.596222122413373e+18, 44418535636.53656, 233.15405087804368, 164
0.09130656080034277, 0.0008847657630711484, 2.4016345548944507e+18, 1.9894020565597435e+18, 71073585941.88548, 458.4788243441384, 925
0.08382815197665691, 0.0009005992897977267, 1.709185861686512e+18, 1.6001507564058614e+18, 8882790360.890318, 209.01135062989547, 187
0.09735082286037663, 0.0007194869848376158, 5.684192664189125e+18, 7.654917511628941e+18, 26508293444.170082, 392.109892613241, 685
0.05143934523434549, 0.000676781794318324, 2.526674232368213e+18, 2.915660342797353e+18, 52754036849.845085, 828.3043902077413, 461
0.09564043316309857, 0.000557400318787549, 9.301564326281261e+18, 1.4990405592171994e+18, 26663337419.563602, 990.174255367192, 896
0.07420269989843797, 0.0005838025633167325, 4.324434112887049e+18, 7.540774803928526e+18, 87327582450.81764, 609.9494752132432, 632
0.08551124151659051, 0.000755377202251457, 2.5173390201860925e+18, 9.502495409451747e+18, 49914853403.80027, 414.4911892165942, 256
0.057041038710004384, 0.0007182744790681763, 9.356529099552737e+18, 6.779603126228913e+18, 39430573490.499886, 726.7447040483224, 516
0.0905477172941812, 0.0007712142259136542, 5.055433273245489e+18, 8.718240523144975e+18, 46793316543.479324, 281.4343937198402, 732
0.07465108354061625, 0.0006937007503781166, 9.931098655310213e+18, 8.746869803914034e+18, 30411634763.174427, 545.753502210413, 422
0.08298975062092742, 0.0005948620367453687, 7.814526244660739e+18, 3.38319176260984e+18, 39055678653.58755, 575.9946057862321, 444
0.09622524270807882, 0.0008554357191447532, 7.880113264368035e+18, 1.3169116217170831e+18, 21040700227.274834, 678.2837870203616, 801
0.06587341602635712, 0.000854551800979366, 7.05120199467946e+18, 6.43207675534195e+18, 66594883374.86711, 838.3829947406882, 686
0.06727867238573451, 0.0006275559495616391, 5.495106666991526e+18, 8.967865487160595e+18, 81548049101.23096, 172.22427137975646, 349
0.08420715769005016, 0.0008601874699267476, 5.93915768709773e+18, 5.33754199492472e+18, 4968995068.3221035, 609.456803440243, 899
0.07561601623875526, 0.0006341615620979182, 8.855917012042477e+18, 2.7243084124246385e+18, 14286490958.873774, 771.4510191607677, 38
0.06673776994861211, 0.0005916055178997132, 6.543835221964792e+18, 1.013991348699594e+18, 52081009841.52722, 852.0799726134999, 816
0.07206664511613672, 0.0005001008804454905, 9.111177335123228e+18, 4.892690247630817e+18, 94696189153.10481, 157.11334148238495, 889
0.08853412353026309, 0.0008413286169742299, 6.187718904649623e+18, 4.496393001431739e+18, 59481072667.457504, 746.0316576825153, 933
0.05003092957519318, 0.0007179331478103675, 2.347822282087077e+18, 5.162485854245588e+18, 67968264396.878075, 844.1054481679364, 979
0.09633349007849545, 0.00091282068996221, 7.532784845609393e+18, 6.695488134420714e+18, 29028924728.26484, 784.016923198183, 72
0.09462505285744022, 0.0006072633085975504, 1.1174191147809614e+18, 1.4547872045121244e+18, 62162264853.981285, 418.179541353814, 82
0.06811568474476759, 0.0008736663948608464, 4.420387889566213e+18, 5.377416739721571e+18, 97919008287.4863, 264.6073271500096, 244
0.09713989953175665, 0.0005616853402103951, 3.414125487680648e+18, 6.021266307744061e+18, 54101302165.83237, 558.5358415204048, 593
0.05397901387538542, 0.0005945711742516358, 5.70582179936375e+18, 1.9601341481071665e+18, 8563780320.413842, 426.5026008989832, 426
0.05215725173319336, 0.0005361627845617365, 4.088024621362823e+18, 1.4655566183838902e+18, 41351596523.6267, 440.6556340263646, 807
0.0920281691911026, 0.0009973378681528504, 6.287915664903284e+18, 8.667230810141538e+18, 75806773772.26344, 984.6777251362565, 804
0.05876086939427254, 0.0005293899083856012, 4.0801551930526863e+18, 1.6855230585369859e+18, 76038051714.60065, 128.93822463890174, 808
0.09291992285122645, 0.0008079842579476531, 6.046519702387502e+18, 7.646346132522638e+18, 45224171180.18923, 242.5864423906352, 972
0.060264829770408784, 0.0006143562061812441, 3.457642140308019e+18, 9.964985432857616e+18, 40739596070.714134, 738.9321736508788, 178
0.07240579871802331, 0.0005587269219913758, 8.684279498305918e+18, 9.549887952334238e+18, 84489441108.70972, 119.72046510736713, 934
0.06149310142495935, 0.000713962143109047, 1.2902177058710223e+18, 1.9203996637547167e+18, 89642348437.23917, 999.4090336479848, 913
0.06721057935708682, 0.0008915935168494176, 4.91798197192e+18, 8.312107682984701e+18, 1066263277.3906673, 931.595797707001, 520
0.07125506805099154, 0.0006724485325735376, 8.410029952115807e+18, 6.551346402636635e+18, 7624384595.047456, 932.3856848949067, 76
0.0744328289577688, 0.0007856784082334366, 6.277709205897825e+18, 4.683784540030411e+18, 85833381017.06403, 228.05220197778937, 571
0.09174046063190461, 0.0009420011873254336, 6.660165481871993e+18, 6.00809323980159e+18, 23195622481.980335, 834.9503586180323, 922
0.07572394825543283, 0.0007775981222388365, 3.8932139679060403e+18, 6.051890226106022e+18, 56212958165.53208, 109.71131247954364, 772
0.08259359855061234, 0.0007075791330280077, 9.828855724754092e+18, 7.848327138554288e+18, 97218545526.14201, 704.0943468754392, 793
0.06380778266762889, 0.0008349224885979207, 9.63887156880981e+18, 4.90916364728936e+18, 86959730128.15681, 722.6934344097142, 85
0.09800730544448792, 0.0005471168493728716, 8.349284215297911e+18, 8.118728823004832e+18, 27033797777.24444, 862.1085495677611, 651
0.061021847117487184, 0.0009949548107221662, 4.921998379466485e+18, 4.01001816874127e+18, 28743430028.668297, 585.3524441945415, 291
0.08988508138534004, 0.0005776344145190222, 6.18152008317161e+18, 1.171562137780282e+18, 12505733314.056803, 235.56420316850543, 274
0.06203883088776215, 0.0009700824253500632, 6.206210518994115e+18, 8.632567527850083e+18, 44815308840.102875, 382.44027938105677, 473
0.08882919487591788, 0.0008090923743570169, 1.2722558268333522e+18, 3.8905848784537185e+18, 58663849653.38775, 487.91877826873935, 809
0.051782346298841944, 0.0008725741130945291, 9.97005838422281e+18, 6.569340650471006e+18, 93370351853.86597, 791.8866116613844, 84
0.09410658934753371, 0.000675495114220143, 7.313853483360212e+18, 8.215316273889876e+18, 82872141723.69104, 864.4376996852711, 1004
0.07489582376834605, 0.0009978501066958251, 8.006005218780936e+18, 2.114533173913175e+18, 90564236141.9959, 810.6125383120337, 100
0.08476148103947975, 0.0009643741861530299, 4.4455450659194675e+18, 7.075747238429974e+18, 61523041892.33447, 578.5471011441442, 794
0.05527827314968727, 0.0009721909097515851, 4.124571376093375e+18, 9.236967257311306e+18, 65132755812.54666, 117.26279727509565, 502
0.09475320623138711, 0.0006517546447638207, 1.517120058245135e+18, 3.396586145948802e+18, 91223860496.64027, 764.3672313855016, 629
0.05986823589394421, 0.0005259720921691524, 8.999608281754472e+18, 4.862527763113724e+18, 4312320111.675002, 909.1459392914176, 747
0.05614084874023793, 0.0007865462143918347, 5.634442764353408e+18, 8.121753491993455e+18, 89949424043.29451, 202.55965598495374, 467
0.0637243011501097, 0.0006386922558418635, 1.7355098686906847e+18, 4.704743242936834e+18, 9654974976.893423, 522.9667985360395, 298
0.09850378967644471, 0.000943235003671064, 6.895203891012171e+18, 9.211751164524556e+18, 60997042958.89597, 524.2971019862, 989
0.055140604710135224, 0.0006894207974740823, 6.730717843877688e+18, 4.783556148452139e+18, 45943900338.3358, 892.3518412051734, 195
0.07500377290352475, 0.0008395476615420377, 6.625965697168514e+18, 9.986286376544023e+18, 90640175425.99179, 621.858954478561, 282
0.054972804635546935, 0.0009533268975993041, 4.428710296072259e+18, 7.78777063691212e+18, 35477922377.95252, 226.08556355432216, 268
0.09498552731668071, 0.0006492294868431748, 3.589852141703978e+18, 6.125735623598781e+18, 63888856152.607796, 889.5434758964095, 142
0.0589962778026681, 0.0007399195059889455, 4.563694459524738e+18, 7.458885429557371e+18, 29160069340.642483, 642.416425051971, 555
0.09896201912176705, 0.0008491189507078554, 7.66913790546351e+18, 5.488585930879842e+18, 15601135069.075909, 250.7666702937857, 631
0.09579604263415889, 0.0007415624510279763, 6.698174422634762e+18, 1.9504613907088845e+18, 55611510428.00629, 617.3879224296261, 107
0.05466436363938016, 0.0007624363278422252, 3.8790598752438656e+18, 9.820876582522397e+18, 84201551200.64006, 106.96912915303395, 321
0.06392136859148144, 0.0007205022410461501, 2.2264540309038129e+18, 9.775154041179419e+18, 84136051492.75764, 285.039455699497, 96
0.06656364583493624, 0.0008425636416403708, 9.211202386075686e+18, 7.66359228849668e+18, 35794835634.622215, 939.680133196493, 828
0.0955180268786234, 0.0006985950971828939, 8.718625470090619e+18, 4.811976311723817e+18, 56630905214.98286, 152.50086388864077, 52
0.09962472496775984, 0.0005765681627906096, 3.7413773955442304e+18, 5.06210875122442e+18, 40025340786.77994, 209.9326377540109, 961
0.054730820641142826, 0.0006085654979521847, 9.79542167814056e+18, 5.73237467129007e+18, 9567969617.50742, 198.56608036783655, 201
0.0662022422300223, 0.000756397511064163, 2.766690493242811e+18, 9.5570237929919e+18, 73253348768.14354, 968.7628832204309, 839
0.0578481501873602, 0.0007580797825834987, 1.8996827179005082e+18, 1.5931416525900828e+18, 38635262785.44397, 924.6122989854942, 13
0.05654400772416911, 0.0008515392379447376, 7.59558660991162e+18, 2.0680177652271596e+18, 65425191550.17437, 872.0081535514347, 540
0.05236941286079373, 0.0008464101341645938, 1.7955156265491372e+18, 6.310654106852411e+18, 84017649988.84032, 907.0010161476457, 348
0.06834074236755677, 0.000512580174073935, 7.616206280044914e+18, 1.3862825774721073e+18, 16741896345.403313, 477.6697192189412, 887
0.05620995779060438, 0.0006416028530820255, 4.872121348436763e+18, 8.087972130509913e+18, 50232557572.14121, 365.9768121553042, 713
0.09792834138141684, 0.000919994188452168, 3.7298653571746857e+18, 8.517335472807823e+18, 93799143292.87648, 131.48371404252688, 884
0.09332993169443383, 0.0009721011839639033, 9.730337157894287e+18, 1.1050992510425738e+18, 69021314031.63495, 437.0604316979792, 452
0.07785077661198798, 0.0007046796785455901, 2.794004334302058e+18, 4.0350548694202476e+18, 3402369670.872153, 219.8678486226736, 897
0.09102808884045464, 0.0005766845201471944, 2.6986767502053166e+18, 3.788881915766795e+18, 21320502092.597107, 353.5548253962851, 782
0.08092351305124694, 0.0005316305230335439, 9.978876496106775e+18, 7.861854425798335e+18, 1364651175.052054, 141.3472744154939, 34
0.06837982039818682, 0.0005215379178098764, 5.816136363473928e+18, 7.220826834935179e+18, 51733120507.12545, 555.4593059673821, 163
0.07511585024906126, 0.0008582530001347121, 2.788432722979382e+18, 4.589661991349218e+18, 53429866482.37458, 276.91197548399475, 302
0.07616643616969866, 0.0007227512660609784, 1.168557767820014e+18, 5.422942937643131e+18, 65728082344.95732, 412.4969222687103, 605
0.06387942426244708, 0.0005339106416414644, 2.09730144107095e+18, 8.336262585826814e+18, 6934746101.436503, 986.8319381714114, 521
0.06269057872034961, 0.0009362983923808378, 4.649971822648596e+18, 6.104881534273784e+18, 5720695982.8682995, 243.45936442813291, 410
0.06744810595094927, 0.0008229268330626623, 7.521704270256037e+18, 4.452778416697894e+18, 77724052575.69441, 349.86768529444726, 777
0.08224617535140769, 0.0008285428637339466, 1.9516832692098637e+18, 5.055996965606654e+18, 39806323202.69515, 788.5253422449571, 980
0.07987859255153097, 0.0009348673415904031, 6.621767433347122e+18, 6.282280976771472e+18, 68480534597.73423, 279.3263122200557, 635
0.08414917519605541, 0.0007386522158635986, 1.4087179044945362e+18, 1.0856677751419479e+18, 67857818149.1312, 865.3123231432547, 553
0.0590923982967517, 0.0009181681660549475, 2.737765425255006e+18, 4.898785674096742e+18, 67177037142.370705, 253.12305694231353, 398
0.07130983652475134, 0.0005720686681254009, 7.627457012745422e+18, 8.24041811807926e+18, 79855182104.03606, 484.08137119105294, 997
0.05671250435175715, 0.0008752448114712299, 2.4149027373080596e+18, 7.136890207188733e+18, 45507164420.61979, 145.17720100337527, 832
0.07635998234372181, 0.0009590150477918342, 3.9974146243613076e+18, 8.731584268019627e+18, 20407519792.720043, 526.3974441475248, 355
0.09558309134547625, 0.0007887310712370176, 6.47971862313357e+18, 3.5503129969271654e+18, 17533462922.175808, 444.8675446980087, 657
0.07747554821357079, 0.000950789633712855, 3.505174381135693e+18, 2.9187742303449743e+18, 89722230311.59175, 374.88025633968977, 429
0.099687327524961, 0.0008258789660665652, 7.172992017230854e+18, 2.5013933866605583e+18, 80031513630.40001, 732.4487387934716, 213
0.061604763013448124, 0.0008004163741746799, 9.402311066366575e+18, 1.747478237132875e+18, 73379855676.41785, 595.5307305228638, 649
0.07899715878000918, 0.000853241681884567, 8.613470424274671e+18, 4.294375390301566e+18, 75187453550.57672, 593.7896233972208, 554
0.07135374707120842, 0.0008337894792361043, 5.988339777173536e+18, 2.382002726232328e+18, 61845833193.02613, 818.936137550095, 49
0.0897463273380966, 0.0009208424335151271, 1.2758184053964618e+18, 3.3235490282445583e+18, 17353085303.047237, 667.4248127328171, 262
0.061058703749807465, 0.0007797468327348584, 5.166520261522335e+18, 5.11468183758152e+18, 50453978704.11639, 348.2118613980158, 535
0.08930781136854071, 0.0008381598389573325, 4.955276655189615e+18, 6.135394772310525e+18, 54613883692.70866, 584.5194636557355, 377
0.05239559398605395, 0.0005600519654817286, 1.9629175552082066e+18, 5.027606880242733e+18, 3218526872.8760552, 469.11830908990413, 172
0.06702164943201058, 0.0005308530143832274, 6.695306474716524e+18, 9.719230894964128e+18, 3870358107.857307, 532.6602084643646, 840
0.08672759017987691, 0.0008018825727103363, 4.352959808445843e+18, 5.812961068754193e+18, 92780740176.98903, 982.8956671187435, 585
0.08859381957929524, 0.0008942005525501917, 5.656448642253599e+18, 9.64335934064706e+18, 61142255555.659966, 227.20477782620867, 101
0.05255952385018283, 0.0008926723237107847, 4.674203293508644e+18, 3.8151257964772337e+18, 95549624101.21582, 569.3704977220755, 945
0.05939103515051824, 0.0008188449360346079, 5.241240701230426e+18, 4.67906184739329e+18, 9803196375.776886, 123.52880363461155, 951
0.07940462401676071, 0.0009376425083818776, 4.537747994219834e+18, 5.740521041486628e+18, 36906696872.444725, 238.1264910254035, 754
0.05633738455017525, 0.000579774166713977, 5.893575503811272e+18, 8.783107859916339e+18, 32908490438.99402, 438.431058360406, 478
0.059214833388797794, 0.0005161409121527704, 6.132879823745801e+18, 3.006530221373522e+18, 98615970768.27588, 260.69002746674937, 314
0.08222146231584022, 0.0009587695726422981, 8.936058976908618e+18, 6.53770571043267e+18, 39167616916.035385, 586.8876048583426, 789
0.05316582152838191, 0.0006469694679047289, 4.990708803962182e+18, 3.278506811719733e+18, 98793033030.64194, 664.3963165906913, 66
0.06683878351318633, 0.0007522011185581236, 2.9564048645792655e+18, 8.35342475914608e+18, 58897654855.108734, 766.9236629907167, 162
0.0654029576971013, 0.0005440535403428205, 9.15378843661288e+18, 2.170327699213092e+18, 33453141539.94181, 741.6881702762437, 513
0.09304816137452972, 0.0006785769013395218, 9.854663820418232e+18, 3.1781964922456125e+18, 87682915504.71165, 806.5979726304645, 241
0.06041221405718358, 0.0008278106816377697, 7.487015872007831e+18, 1.119446124102058e+18, 26182470828.96553, 193.84809057890288, 901
0.09198036961485093, 0.0009545687583080348, 2.93568836494063e+18, 5.370813534372724e+18, 94916437203.14943, 929.3412356720272, 183
0.05718699392960223, 0.0008213066861300941, 1.329056118009627e+18, 5.087822084883292e+18, 65907628053.00926, 309.62780338757784, 237
0.052107976403552296, 0.0008330737588587071, 9.591408467478483e+18, 7.935816629717456e+18, 46973118147.53431, 733.611676903945, 184
0.06572028827138957, 0.000799009796621774, 6.596520934693328e+18, 8.837967490608104e+18, 96570348766.00504, 935.3532293314918, 678
0.08801418762235289, 0.0008472733001071151, 3.0843838242784543e+18, 2.2289116551076436e+18, 93041270190.88199, 158.16044948935792, 996
0.05198647464226826, 0.0006979175381025087, 7.447237269840811e+18, 1.8167910082848064e+18, 41014472531.98053, 706.5115094642799, 138
0.09780985964606584, 0.0006484931956139794, 1.1613261595838825e+18, 2.7789924374268314e+18, 50739870173.44562, 317.2854443378177, 110
0.09091278141133526, 0.0006924964693908596, 3.359197839284892e+18, 4.630882888552059e+18, 83807855285.1956, 704.8170046675817, 936
0.08267421035862263, 0.0009306404078774518, 3.616334670944642e+18, 7.263626794384314e+18, 53960103855.11154, 649.7123183340992, 114
0.09157755552157756, 0.0006109787900339673, 6.60516080320371e+18, 9.115571980410299e+18, 86468913973.17294, 721.803915806823, 630
0.05985122766601861, 0.0005034381195881012, 9.466249142581199e+18, 1.797369154645393e+18, 93684853988.49156, 547.0835986451062, 68
0.07973433298265556, 0.0007425414649726064, 3.0828960657570693e+18, 1.6952628070436861e+18, 43765822351.86999, 334.5130368599309, 14
0.05260030975191828, 0.0005445053625045578, 2.0103310169140127e+18, 1.98148149448655e+18, 18826349696.32611, 380.1381379272537, 403
0.08041216217850064, 0.0008769787275859076, 1.1957459417401866e+18, 9.39452900721662e+18, 37909017142.440155, 648.4245246725318, 698
0.07964408907218207, 0.0009726564759141526, 6.085121396492558e+18, 8.097012694190288e+18, 32133572447.04808, 654.2255874716112, 54
0.0851752571094424, 0.0006261072251297716, 3.756764117762792e+18, 2.571956930766389e+18, 13063250919.745377, 717.0725656960155, 1000
0.0680014637885058, 0.0007855235028246256, 3.252971137040905e+18, 6.714280960224856e+18, 47619126173.95718, 637.2420037471171, 669
